logFC	AveExpr	t	P.Value	adj.P.Val	B
INFG	12.0771629762607	-6.22645672741175	41.9008458147215	3.18019557878992e-45	2.86217602091093e-44	91.5894081821847
CTLA4	6.80601962481961	0.0684215686274515	24.0778609361193	4.12811248240168e-37	1.85765061708076e-36	74.2087761131405
FOXP3	4.60970691117993	1.99575438754729	19.3043699554957	6.95799033769141e-31	2.08739710130742e-30	59.9716818601305
AIM2	2.83997310924369	-1.40350724637681	12.5343980645361	3.286348865287e-20	7.39428494689574e-20	35.4251397558394
OAS2	1.85978766248566	0.783457482276272	11.217273942109	1.19096808463578e-17	2.14374255234441e-17	29.56367424412
TIGIT2	1.63671372387141	1.32169706627653	8.45345980956115	1.58835032071668e-12	2.38252548107501e-12	17.7811032684712
PYCARD	-1.13768990720403	6.80845447741155	-8.32580895681163	2.33321776250136e-12	2.99985140893032e-12	17.3747293686116
EOMES	1.33832380952381	1.89346666666666	5.56007122691386	3.70438543668963e-07	4.16743361627584e-07	5.53130875893617
IFIH1	1.05542102061575	0.648325732293232	4.80225086926082	9.75339952720436e-06	9.75339952720436e-06	2.47327144991383
