SAMPLE	AIM2	CASP1	CCL2	CCL20	CCL27	CCL5	CTLA4	CXCL1	CXCL10	CXCL2	DEFB1	EOMES	FOXP3	IFIH1	IFNAR1	IFNG	IFNGR	IL10	IL17A	IL17F	IL1b	IL1F6	IL1RN	IL20RA	IL22	IL22RA1	IL22RA2	IL26	IL8b	KLRK1	LCN2	MICB	NLRP1	NLRP3	PI3	PYCARD	REG3A	S100A8	S100A9	TNF	TRGC1	WIPI1
1	PH001	13.978	11.45433	11.25533	6.831667	13.14433	11.74867	16.3305	2.822	13.14233	5.278666	12.11233	13.54167	16.13267	11.73513	7.093	13.14233	5.013579	14.99183	7.533649	13.02758	8.265333	15.43567	10.891	10.497	13.49313	9.483299	13.83221	13.74514	5.053	14.694	-1.144195	7.410333	9.402666	11.61528	5.544333	12.09433	23.9515	9.947	10.44033	13.60567	16.89367	12.869
2	PH002	13.978	11.45433	11.25533	6.831667	13.14433	11.74867	16.3305	2.822	13.14233	5.278666	12.11233	13.54167	16.13267	11.73513	7.093	13.14233	5.013579	14.99183	7.533649	13.02758	8.265333	15.43567	10.891	10.497	13.49313	9.483299	13.83221	13.74514	5.053	14.694	-1.144195	7.410333	9.402666	11.61528	5.544333	12.09433	23.9515	9.947	10.44033	13.60567	16.89367	12.869
3	PH003	13.978	11.45433	11.25533	6.831667	13.14433	11.74867	16.3305	2.822	13.14233	5.278666	12.11233	13.54167	16.13267	11.73513	7.093	13.14233	5.013579	14.99183	7.533649	13.02758	8.265333	15.43567	10.891	10.497	13.49313	9.483299	13.83221	13.74514	5.053	14.694	-1.144195	7.410333	9.402666	11.61528	5.544333	12.09433	23.9515	9.947	10.44033	13.60567	16.89367	12.869
4	PH004	13.978	11.45433	11.25533	6.831667	13.14433	11.74867	16.3305	2.822	13.14233	5.278666	12.11233	13.54167	16.13267	11.73513	7.093	13.14233	5.013579	14.99183	7.533649	13.02758	8.265333	15.43567	10.891	10.497	13.49313	9.483299	13.83221	13.74514	5.053	14.694	-1.144195	7.410333	9.402666	11.61528	5.544333	12.09433	23.9515	9.947	10.44033	13.60567	16.89367	12.869
5	PH005	13.978	11.45433	11.25533	6.831667	13.14433	11.74867	16.3305	2.822	13.14233	5.278666	12.11233	13.54167	16.13267	11.73513	7.093	13.14233	5.013579	14.99183	7.533649	13.02758	8.265333	15.43567	10.891	10.497	13.49313	9.483299	13.83221	13.74514	5.053	14.694	-1.144195	7.410333	9.402666	11.61528	5.544333	12.09433	23.9515	9.947	10.44033	13.60567	16.89367	12.869
6	PH006	13.978	11.45433	11.25533	6.831667	13.14433	11.74867	16.3305	2.822	13.14233	5.278666	12.11233	13.54167	16.13267	11.73513	7.093	13.14233	5.013579	14.99183	7.533649	13.02758	8.265333	15.43567	10.891	10.497	13.49313	9.483299	13.83221	13.74514	5.053	14.694	-1.144195	7.410333	9.402666	11.61528	5.544333	12.09433	23.9515	9.947	10.44033	13.60567	16.89367	12.869
7	PH007	13.978	11.45433	11.25533	6.831667	13.14433	11.74867	16.3305	2.822	13.14233	5.278666	12.11233	13.54167	16.13267	11.73513	7.093	13.14233	5.013579	14.99183	7.533649	13.02758	8.265333	15.43567	10.891	10.497	13.49313	9.483299	13.83221	13.74514	5.053	14.694	-1.144195	7.410333	9.402666	11.61528	5.544333	12.09433	23.9515	9.947	10.44033	13.60567	16.89367	12.869
8	PH008	13.978	11.45433	11.25533	6.831667	13.14433	11.74867	16.3305	2.822	13.14233	5.278666	12.11233	13.54167	16.13267	11.73513	7.093	13.14233	5.013579	14.99183	7.533649	13.02758	8.265333	15.43567	10.891	10.497	13.49313	9.483299	13.83221	13.74514	5.053	14.694	-1.144195	7.410333	9.402666	11.61528	5.544333	12.09433	23.9515	9.947	10.44033	13.60567	16.89367	12.869
9	PH010	13.978	11.45433	11.25533	6.831667	13.14433	11.74867	16.3305	2.822	13.14233	5.278666	12.11233	13.54167	16.13267	11.73513	7.093	13.14233	5.013579	14.99183	7.533649	13.02758	8.265333	15.43567	10.891	10.497	13.49313	9.483299	13.83221	13.74514	5.053	14.694	-1.144195	7.410333	9.402666	11.61528	5.544333	12.09433	23.9515	9.947	10.44033	13.60567	16.89367	12.869
10	PH011	13.978	11.45433	11.25533	6.831667	13.14433	11.74867	16.3305	2.822	13.14233	5.278666	12.11233	13.54167	16.13267	11.73513	7.093	13.14233	5.013579	14.99183	7.533649	13.02758	8.265333	15.43567	10.891	10.497	13.49313	9.483299	13.83221	13.74514	5.053	14.694	-1.144195	7.410333	9.402666	11.61528	5.544333	12.09433	23.9515	9.947	10.44033	13.60567	16.89367	12.869
11	PH012	13.978	11.45433	11.25533	6.831667	13.14433	11.74867	16.3305	2.822	13.14233	5.278666	12.11233	13.54167	16.13267	11.73513	7.093	13.14233	5.013579	14.99183	7.533649	13.02758	8.265333	15.43567	10.891	10.497	13.49313	9.483299	13.83221	13.74514	5.053	14.694	-1.144195	7.410333	9.402666	11.61528	5.544333	12.09433	23.9515	9.947	10.44033	13.60567	16.89367	12.869
12	PH013	13.978	11.45433	11.25533	6.831667	13.14433	11.74867	16.3305	2.822	13.14233	5.278666	12.11233	13.54167	16.13267	11.73513	7.093	13.14233	5.013579	14.99183	7.533649	13.02758	8.265333	15.43567	10.891	10.497	13.49313	9.483299	13.83221	13.74514	5.053	14.694	-1.144195	7.410333	9.402666	11.61528	5.544333	12.09433	23.9515	9.947	10.44033	13.60567	16.89367	12.869
13	PH014	13.978	11.45433	11.25533	6.831667	13.14433	11.74867	16.3305	2.822	13.14233	5.278666	12.11233	13.54167	16.13267	11.73513	7.093	13.14233	5.013579	14.99183	7.533649	13.02758	8.265333	15.43567	10.891	10.497	13.49313	9.483299	13.83221	13.74514	5.053	14.694	-1.144195	7.410333	9.402666	11.61528	5.544333	12.09433	23.9515	9.947	10.44033	13.60567	16.89367	12.869
14	PH015	NA	NA	NA	NA	NA	NA	NA	NA	NA	NA	NA	NA	NA	NA	NA	NA	NA	NA	NA	NA	NA	NA	NA	NA	NA	NA	NA	NA	NA	NA	NA	NA	NA	NA	NA	NA	NA	NA	NA	NA	NA	NA
15	PH016	13.978	11.45433	11.25533	6.831667	13.14433	11.74867	16.3305	2.822	13.14233	5.278666	12.11233	13.54167	16.13267	11.73513	7.093	13.14233	5.013579	14.99183	7.533649	13.02758	8.265333	15.43567	10.891	10.497	13.49313	9.483299	13.83221	13.74514	5.053	14.694	-1.144195	7.410333	9.402666	11.61528	5.544333	12.09433	23.9515	9.947	10.44033	13.60567	16.89367	12.869
16	PH017	13.978	11.45433	11.25533	6.831667	13.14433	11.74867	16.3305	2.822	13.14233	5.278666	12.11233	13.54167	16.13267	11.73513	7.093	13.14233	5.013579	14.99183	7.533649	13.02758	8.265333	15.43567	10.891	10.497	13.49313	9.483299	13.83221	13.74514	5.053	14.694	-1.144195	7.410333	9.402666	11.61528	5.544333	12.09433	23.9515	9.947	10.44033	13.60567	16.89367	12.869
17	PH018	13.978	11.45433	11.25533	6.831667	13.14433	11.74867	16.3305	2.822	13.14233	5.278666	12.11233	13.54167	16.13267	11.73513	7.093	13.14233	5.013579	14.99183	7.533649	13.02758	8.265333	15.43567	10.891	10.497	13.49313	9.483299	13.83221	13.74514	5.053	14.694	-1.144195	7.410333	9.402666	11.61528	5.544333	12.09433	23.9515	9.947	10.44033	13.60567	16.89367	12.869
18	PH019	13.978	11.45433	11.25533	6.831667	13.14433	11.74867	16.3305	2.822	13.14233	5.278666	12.11233	13.54167	16.13267	11.73513	7.093	13.14233	5.013579	14.99183	7.533649	13.02758	8.265333	15.43567	10.891	10.497	13.49313	9.483299	13.83221	13.74514	5.053	14.694	-1.144195	7.410333	9.402666	11.61528	5.544333	12.09433	23.9515	9.947	10.44033	13.60567	16.89367	12.869
19	PH020	13.978	11.45433	11.25533	6.831667	13.14433	11.74867	16.3305	2.822	13.14233	5.278666	12.11233	13.54167	16.13267	11.73513	7.093	13.14233	5.013579	14.99183	7.533649	13.02758	8.265333	15.43567	10.891	10.497	13.49313	9.483299	13.83221	13.74514	5.053	14.694	-1.144195	7.410333	9.402666	11.61528	5.544333	12.09433	23.9515	9.947	10.44033	13.60567	16.89367	12.869
20	PH021	13.978	11.45433	11.25533	6.831667	13.14433	11.74867	16.3305	2.822	13.14233	5.278666	12.11233	13.54167	16.13267	11.73513	7.093	13.14233	5.013579	14.99183	7.533649	13.02758	8.265333	15.43567	10.891	10.497	13.49313	9.483299	13.83221	13.74514	5.053	14.694	-1.144195	7.410333	9.402666	11.61528	5.544333	12.09433	23.9515	9.947	10.44033	13.60567	16.89367	12.869
21	PH022	13.978	11.45433	11.25533	6.831667	13.14433	11.74867	16.3305	2.822	13.14233	5.278666	12.11233	13.54167	16.13267	11.73513	7.093	13.14233	5.013579	14.99183	7.533649	13.02758	8.265333	15.43567	10.891	10.497	13.49313	9.483299	13.83221	13.74514	5.053	14.694	-1.144195	7.410333	9.402666	11.61528	5.544333	12.09433	23.9515	9.947	10.44033	13.60567	16.89367	12.869
22	PH023	13.978	11.45433	11.25533	6.831667	13.14433	11.74867	16.3305	2.822	13.14233	5.278666	12.11233	13.54167	16.13267	11.73513	7.093	13.14233	5.013579	14.99183	7.533649	13.02758	8.265333	15.43567	10.891	10.497	13.49313	9.483299	13.83221	13.74514	5.053	14.694	-1.144195	7.410333	9.402666	11.61528	5.544333	12.09433	23.9515	9.947	10.44033	13.60567	16.89367	12.869
23	PH024	13.978	11.45433	11.25533	6.831667	13.14433	11.74867	16.3305	2.822	13.14233	5.278666	12.11233	13.54167	16.13267	11.73513	7.093	13.14233	5.013579	14.99183	7.533649	13.02758	8.265333	15.43567	10.891	10.497	13.49313	9.483299	13.83221	13.74514	5.053	14.694	-1.144195	7.410333	9.402666	11.61528	5.544333	12.09433	23.9515	9.947	10.44033	13.60567	16.89367	12.869
24	PH025	13.978	11.45433	11.25533	6.831667	13.14433	11.74867	16.3305	2.822	13.14233	5.278666	12.11233	13.54167	16.13267	11.73513	7.093	13.14233	5.013579	14.99183	7.533649	13.02758	8.265333	15.43567	10.891	10.497	13.49313	9.483299	13.83221	13.74514	5.053	14.694	-1.144195	7.410333	9.402666	11.61528	5.544333	12.09433	23.9515	9.947	10.44033	13.60567	16.89367	12.869
25	PH026	13.978	11.45433	11.25533	6.831667	13.14433	11.74867	16.3305	2.822	13.14233	5.278666	12.11233	13.54167	16.13267	11.73513	7.093	13.14233	5.013579	14.99183	7.533649	13.02758	8.265333	15.43567	10.891	10.497	13.49313	9.483299	13.83221	13.74514	5.053	14.694	-1.144195	7.410333	9.402666	11.61528	5.544333	12.09433	23.9515	9.947	10.44033	13.60567	16.89367	12.869
26	PH027	13.978	11.45433	11.25533	6.831667	13.14433	11.74867	16.3305	2.822	13.14233	5.278666	12.11233	13.54167	16.13267	11.73513	7.093	13.14233	5.013579	14.99183	7.533649	13.02758	8.265333	15.43567	10.891	10.497	13.49313	9.483299	13.83221	13.74514	5.053	14.694	-1.144195	7.410333	9.402666	11.61528	5.544333	12.09433	23.9515	9.947	10.44033	13.60567	16.89367	12.869
27	PH028	13.978	11.45433	11.25533	6.831667	13.14433	11.74867	16.3305	2.822	13.14233	5.278666	12.11233	13.54167	16.13267	11.73513	7.093	13.14233	5.013579	14.99183	7.533649	13.02758	8.265333	15.43567	10.891	10.497	13.49313	9.483299	13.83221	13.74514	5.053	14.694	-1.144195	7.410333	9.402666	11.61528	5.544333	12.09433	23.9515	9.947	10.44033	13.60567	16.89367	12.869
28	PH029	13.978	11.45433	11.25533	6.831667	13.14433	11.74867	16.3305	2.822	13.14233	5.278666	12.11233	13.54167	16.13267	11.73513	7.093	13.14233	5.013579	14.99183	7.533649	13.02758	8.265333	15.43567	10.891	10.497	13.49313	9.483299	13.83221	13.74514	5.053	14.694	-1.144195	7.410333	9.402666	11.61528	5.544333	12.09433	23.9515	9.947	10.44033	13.60567	16.89367	12.869
29	PH030	13.978	11.45433	11.25533	6.831667	13.14433	11.74867	16.3305	2.822	13.14233	5.278666	12.11233	13.54167	16.13267	11.73513	7.093	13.14233	5.013579	14.99183	7.533649	13.02758	8.265333	15.43567	10.891	10.497	13.49313	9.483299	13.83221	13.74514	5.053	14.694	-1.144195	7.410333	9.402666	11.61528	5.544333	12.09433	23.9515	9.947	10.44033	13.60567	16.89367	12.869
30	PH031	13.978	11.45433	11.25533	6.831667	13.14433	11.74867	16.3305	2.822	13.14233	5.278666	12.11233	13.54167	16.13267	11.73513	7.093	13.14233	5.013579	14.99183	7.533649	13.02758	8.265333	15.43567	10.891	10.497	13.49313	9.483299	13.83221	13.74514	5.053	14.694	-1.144195	7.410333	9.402666	11.61528	5.544333	12.09433	23.9515	9.947	10.44033	13.60567	16.89367	12.869
31	PH032	13.978	11.45433	11.25533	6.831667	13.14433	11.74867	16.3305	2.822	13.14233	5.278666	12.11233	13.54167	16.13267	11.73513	7.093	13.14233	5.013579	14.99183	7.533649	13.02758	8.265333	15.43567	10.891	10.497	13.49313	9.483299	13.83221	13.74514	5.053	14.694	-1.144195	7.410333	9.402666	11.61528	5.544333	12.09433	23.9515	9.947	10.44033	13.60567	16.89367	12.869
32	PH033	13.978	11.45433	11.25533	6.831667	13.14433	11.74867	16.3305	2.822	13.14233	5.278666	12.11233	13.54167	16.13267	11.73513	7.093	13.14233	5.013579	14.99183	7.533649	13.02758	8.265333	15.43567	10.891	10.497	13.49313	9.483299	13.83221	13.74514	5.053	14.694	-1.144195	7.410333	9.402666	11.61528	5.544333	12.09433	23.9515	9.947	10.44033	13.60567	16.89367	12.869
33	PH034	13.978	11.45433	11.25533	6.831667	13.14433	11.74867	16.3305	2.822	13.14233	5.278666	12.11233	13.54167	16.13267	11.73513	7.093	13.14233	5.013579	14.99183	7.533649	13.02758	8.265333	15.43567	10.891	10.497	13.49313	9.483299	13.83221	13.74514	5.053	14.694	-1.144195	7.410333	9.402666	11.61528	5.544333	12.09433	23.9515	9.947	10.44033	13.60567	16.89367	12.869
34	PH035	13.978	11.45433	11.25533	6.831667	13.14433	11.74867	16.3305	2.822	13.14233	5.278666	12.11233	13.54167	16.13267	11.73513	7.093	13.14233	5.013579	14.99183	7.533649	13.02758	8.265333	15.43567	10.891	10.497	13.49313	9.483299	13.83221	13.74514	5.053	14.694	-1.144195	7.410333	9.402666	11.61528	5.544333	12.09433	23.9515	9.947	10.44033	13.60567	16.89367	12.869
35	PT001	13.978	11.45433	11.25533	6.831667	13.14433	11.74867	16.3305	2.822	13.14233	5.278666	12.11233	13.54167	16.13267	11.73513	7.093	13.14233	5.013579	14.99183	7.533649	13.02758	8.265333	15.43567	10.891	10.497	13.49313	9.483299	13.83221	13.74514	5.053	14.694	-1.144195	7.410333	9.402666	11.61528	5.544333	12.09433	23.9515	9.947	10.44033	13.60567	16.89367	12.869
36	PT002	13.978	11.45433	11.25533	6.831667	13.14433	11.74867	16.3305	2.822	13.14233	5.278666	12.11233	13.54167	16.13267	11.73513	7.093	13.14233	5.013579	14.99183	7.533649	13.02758	8.265333	15.43567	10.891	10.497	13.49313	9.483299	13.83221	13.74514	5.053	14.694	-1.144195	7.410333	9.402666	11.61528	5.544333	12.09433	23.9515	9.947	10.44033	13.60567	16.89367	12.869
37	PT003	13.978	11.45433	11.25533	6.831667	13.14433	11.74867	16.3305	2.822	13.14233	5.278666	12.11233	13.54167	16.13267	11.73513	7.093	13.14233	5.013579	14.99183	7.533649	13.02758	8.265333	15.43567	10.891	10.497	13.49313	9.483299	13.83221	13.74514	5.053	14.694	-1.144195	7.410333	9.402666	11.61528	5.544333	12.09433	23.9515	9.947	10.44033	13.60567	16.89367	12.869
38	PT004	13.978	11.45433	11.25533	6.831667	13.14433	11.74867	16.3305	2.822	13.14233	5.278666	12.11233	13.54167	16.13267	11.73513	7.093	13.14233	5.013579	14.99183	7.533649	13.02758	8.265333	15.43567	10.891	10.497	13.49313	9.483299	13.83221	13.74514	5.053	14.694	-1.144195	7.410333	9.402666	11.61528	5.544333	12.09433	23.9515	9.947	10.44033	13.60567	16.89367	12.869
39	PT005	13.978	11.45433	11.25533	6.831667	13.14433	11.74867	16.3305	2.822	13.14233	5.278666	12.11233	13.54167	16.13267	11.73513	7.093	13.14233	5.013579	14.99183	7.533649	13.02758	8.265333	15.43567	10.891	10.497	13.49313	9.483299	13.83221	13.74514	5.053	14.694	-1.144195	7.410333	9.402666	11.61528	5.544333	12.09433	23.9515	9.947	10.44033	13.60567	16.89367	12.869
40	PT006	13.978	11.45433	11.25533	6.831667	13.14433	11.74867	16.3305	2.822	13.14233	5.278666	12.11233	13.54167	16.13267	11.73513	7.093	13.14233	5.013579	14.99183	7.533649	13.02758	8.265333	15.43567	10.891	10.497	13.49313	9.483299	13.83221	13.74514	5.053	14.694	-1.144195	7.410333	9.402666	11.61528	5.544333	12.09433	23.9515	9.947	10.44033	13.60567	16.89367	12.869
41	PT007	13.978	11.45433	11.25533	6.831667	13.14433	11.74867	16.3305	2.822	13.14233	5.278666	12.11233	13.54167	16.13267	11.73513	7.093	13.14233	5.013579	14.99183	7.533649	13.02758	8.265333	15.43567	10.891	10.497	13.49313	9.483299	13.83221	13.74514	5.053	14.694	-1.144195	7.410333	9.402666	11.61528	5.544333	12.09433	23.9515	9.947	10.44033	13.60567	16.89367	12.869
42	PT008	13.978	11.45433	11.25533	6.831667	13.14433	11.74867	16.3305	2.822	13.14233	5.278666	12.11233	13.54167	16.13267	11.73513	7.093	13.14233	5.013579	14.99183	7.533649	13.02758	8.265333	15.43567	10.891	10.497	13.49313	9.483299	13.83221	13.74514	5.053	14.694	-1.144195	7.410333	9.402666	11.61528	5.544333	12.09433	23.9515	9.947	10.44033	13.60567	16.89367	12.869
43	PT009	NA	NA	NA	NA	NA	NA	NA	NA	NA	NA	NA	NA	NA	NA	NA	NA	NA	NA	NA	NA	NA	NA	NA	NA	NA	NA	NA	NA	NA	NA	NA	NA	NA	NA	NA	NA	NA	NA	NA	NA	NA	NA
44	PT010	13.978	11.45433	11.25533	6.831667	13.14433	11.74867	16.3305	2.822	13.14233	5.278666	12.11233	13.54167	16.13267	11.73513	7.093	13.14233	5.013579	14.99183	7.533649	13.02758	8.265333	15.43567	10.891	10.497	13.49313	9.483299	13.83221	13.74514	5.053	14.694	-1.144195	7.410333	9.402666	11.61528	5.544333	12.09433	23.9515	9.947	10.44033	13.60567	16.89367	12.869
45	PT011	13.978	11.45433	11.25533	6.831667	13.14433	11.74867	16.3305	2.822	13.14233	5.278666	12.11233	13.54167	16.13267	11.73513	7.093	13.14233	5.013579	14.99183	7.533649	13.02758	8.265333	15.43567	10.891	10.497	13.49313	9.483299	13.83221	13.74514	5.053	14.694	-1.144195	7.410333	9.402666	11.61528	5.544333	12.09433	23.9515	9.947	10.44033	13.60567	16.89367	12.869
46	PT012	13.978	11.45433	11.25533	6.831667	13.14433	11.74867	16.3305	2.822	13.14233	5.278666	12.11233	13.54167	16.13267	11.73513	7.093	13.14233	5.013579	14.99183	7.533649	13.02758	8.265333	15.43567	10.891	10.497	13.49313	9.483299	13.83221	13.74514	5.053	14.694	-1.144195	7.410333	9.402666	11.61528	5.544333	12.09433	23.9515	9.947	10.44033	13.60567	16.89367	12.869
47	PT013	13.978	11.45433	11.25533	6.831667	13.14433	11.74867	16.3305	2.822	13.14233	5.278666	12.11233	13.54167	16.13267	11.73513	7.093	13.14233	5.013579	14.99183	7.533649	13.02758	8.265333	15.43567	10.891	10.497	13.49313	9.483299	13.83221	13.74514	5.053	14.694	-1.144195	7.410333	9.402666	11.61528	5.544333	12.09433	23.9515	9.947	10.44033	13.60567	16.89367	12.869
48	PT014	NA	NA	NA	NA	NA	NA	NA	NA	NA	NA	NA	NA	NA	NA	NA	NA	NA	NA	NA	NA	NA	NA	NA	NA	NA	NA	NA	NA	NA	NA	NA	NA	NA	NA	NA	NA	NA	NA	NA	NA	NA	NA
49	PT015	13.978	11.45433	11.25533	6.831667	13.14433	11.74867	16.3305	2.822	13.14233	5.278666	12.11233	13.54167	16.13267	11.73513	7.093	13.14233	5.013579	14.99183	7.533649	13.02758	8.265333	15.43567	10.891	10.497	13.49313	9.483299	13.83221	13.74514	5.053	14.694	-1.144195	7.410333	9.402666	11.61528	5.544333	12.09433	23.9515	9.947	10.44033	13.60567	16.89367	12.869
50	PT016	13.978	11.45433	11.25533	6.831667	13.14433	11.74867	16.3305	2.822	13.14233	5.278666	12.11233	13.54167	16.13267	11.73513	7.093	13.14233	5.013579	14.99183	7.533649	13.02758	8.265333	15.43567	10.891	10.497	13.49313	9.483299	13.83221	13.74514	5.053	14.694	-1.144195	7.410333	9.402666	11.61528	5.544333	12.09433	23.9515	9.947	10.44033	13.60567	16.89367	12.869
51	PT017	13.978	11.45433	11.25533	6.831667	13.14433	11.74867	16.3305	2.822	13.14233	5.278666	12.11233	13.54167	16.13267	11.73513	7.093	13.14233	5.013579	14.99183	7.533649	13.02758	8.265333	15.43567	10.891	10.497	13.49313	9.483299	13.83221	13.74514	5.053	14.694	-1.144195	7.410333	9.402666	11.61528	5.544333	12.09433	23.9515	9.947	10.44033	13.60567	16.89367	12.869
52	PT018	NA	NA	NA	NA	NA	NA	NA	NA	NA	NA	NA	NA	NA	NA	NA	NA	NA	NA	NA	NA	NA	NA	NA	NA	NA	NA	NA	NA	NA	NA	NA	NA	NA	NA	NA	NA	NA	NA	NA	NA	NA	NA
53	PT019	13.978	11.45433	11.25533	6.831667	13.14433	11.74867	16.3305	2.822	13.14233	5.278666	12.11233	13.54167	16.13267	11.73513	7.093	13.14233	5.013579	14.99183	7.533649	13.02758	8.265333	15.43567	10.891	10.497	13.49313	9.483299	13.83221	13.74514	5.053	14.694	-1.144195	7.410333	9.402666	11.61528	5.544333	12.09433	23.9515	9.947	10.44033	13.60567	16.89367	12.869
54	PT020	13.978	11.45433	11.25533	6.831667	13.14433	11.74867	16.3305	2.822	13.14233	5.278666	12.11233	13.54167	16.13267	11.73513	7.093	13.14233	5.013579	14.99183	7.533649	13.02758	8.265333	15.43567	10.891	10.497	13.49313	9.483299	13.83221	13.74514	5.053	14.694	-1.144195	7.410333	9.402666	11.61528	5.544333	12.09433	23.9515	9.947	10.44033	13.60567	16.89367	12.869
55	PT021	13.978	11.45433	11.25533	6.831667	13.14433	11.74867	16.3305	2.822	13.14233	5.278666	12.11233	13.54167	16.13267	11.73513	7.093	13.14233	5.013579	14.99183	7.533649	13.02758	8.265333	15.43567	10.891	10.497	13.49313	9.483299	13.83221	13.74514	5.053	14.694	-1.144195	7.410333	9.402666	11.61528	5.544333	12.09433	23.9515	9.947	10.44033	13.60567	16.89367	12.869
56	PT022	13.978	11.45433	11.25533	6.831667	13.14433	11.74867	16.3305	2.822	13.14233	5.278666	12.11233	13.54167	16.13267	11.73513	7.093	13.14233	5.013579	14.99183	7.533649	13.02758	8.265333	15.43567	10.891	10.497	13.49313	9.483299	13.83221	13.74514	5.053	14.694	-1.144195	7.410333	9.402666	11.61528	5.544333	12.09433	23.9515	9.947	10.44033	13.60567	16.89367	12.869
57	PT023	13.978	11.45433	11.25533	6.831667	13.14433	11.74867	16.3305	2.822	13.14233	5.278666	12.11233	13.54167	16.13267	11.73513	7.093	13.14233	5.013579	14.99183	7.533649	13.02758	8.265333	15.43567	10.891	10.497	13.49313	9.483299	13.83221	13.74514	5.053	14.694	-1.144195	7.410333	9.402666	11.61528	5.544333	12.09433	23.9515	9.947	10.44033	13.60567	16.89367	12.869
58	PT024	13.978	11.45433	11.25533	6.831667	13.14433	11.74867	16.3305	2.822	13.14233	5.278666	12.11233	13.54167	16.13267	11.73513	7.093	13.14233	5.013579	14.99183	7.533649	13.02758	8.265333	15.43567	10.891	10.497	13.49313	9.483299	13.83221	13.74514	5.053	14.694	-1.144195	7.410333	9.402666	11.61528	5.544333	12.09433	23.9515	9.947	10.44033	13.60567	16.89367	12.869
59	PT025	13.978	11.45433	11.25533	6.831667	13.14433	11.74867	16.3305	2.822	13.14233	5.278666	12.11233	13.54167	16.13267	11.73513	7.093	13.14233	5.013579	14.99183	7.533649	13.02758	8.265333	15.43567	10.891	10.497	13.49313	9.483299	13.83221	13.74514	5.053	14.694	-1.144195	7.410333	9.402666	11.61528	5.544333	12.09433	23.9515	9.947	10.44033	13.60567	16.89367	12.869
60	PT026	NA	NA	NA	NA	NA	NA	NA	NA	NA	NA	NA	NA	NA	NA	NA	NA	NA	NA	NA	NA	NA	NA	NA	NA	NA	NA	NA	NA	NA	NA	NA	NA	NA	NA	NA	NA	NA	NA	NA	NA	NA	NA
61	PT027	13.978	11.45433	11.25533	6.831667	13.14433	11.74867	16.3305	2.822	13.14233	5.278666	12.11233	13.54167	16.13267	11.73513	7.093	13.14233	5.013579	14.99183	7.533649	13.02758	8.265333	15.43567	10.891	10.497	13.49313	9.483299	13.83221	13.74514	5.053	14.694	-1.144195	7.410333	9.402666	11.61528	5.544333	12.09433	23.9515	9.947	10.44033	13.60567	16.89367	12.869
62	PT028	13.978	11.45433	11.25533	6.831667	13.14433	11.74867	16.3305	2.822	13.14233	5.278666	12.11233	13.54167	16.13267	11.73513	7.093	13.14233	5.013579	14.99183	7.533649	13.02758	8.265333	15.43567	10.891	10.497	13.49313	9.483299	13.83221	13.74514	5.053	14.694	-1.144195	7.410333	9.402666	11.61528	5.544333	12.09433	23.9515	9.947	10.44033	13.60567	16.89367	12.869
63	PT029	13.978	11.45433	11.25533	6.831667	13.14433	11.74867	16.3305	2.822	13.14233	5.278666	12.11233	13.54167	16.13267	11.73513	7.093	13.14233	5.013579	14.99183	7.533649	13.02758	8.265333	15.43567	10.891	10.497	13.49313	9.483299	13.83221	13.74514	5.053	14.694	-1.144195	7.410333	9.402666	11.61528	5.544333	12.09433	23.9515	9.947	10.44033	13.60567	16.89367	12.869
64	PT030	13.978	11.45433	11.25533	6.831667	13.14433	11.74867	16.3305	2.822	13.14233	5.278666	12.11233	13.54167	16.13267	11.73513	7.093	13.14233	5.013579	14.99183	7.533649	13.02758	8.265333	15.43567	10.891	10.497	13.49313	9.483299	13.83221	13.74514	5.053	14.694	-1.144195	7.410333	9.402666	11.61528	5.544333	12.09433	23.9515	9.947	10.44033	13.60567	16.89367	12.869
65	PT031	13.978	11.45433	11.25533	6.831667	13.14433	11.74867	16.3305	2.822	13.14233	5.278666	12.11233	13.54167	16.13267	11.73513	7.093	13.14233	5.013579	14.99183	7.533649	13.02758	8.265333	15.43567	10.891	10.497	13.49313	9.483299	13.83221	13.74514	5.053	14.694	-1.144195	7.410333	9.402666	11.61528	5.544333	12.09433	23.9515	9.947	10.44033	13.60567	16.89367	12.869
66	PT032	13.978	11.45433	11.25533	6.831667	13.14433	11.74867	16.3305	2.822	13.14233	5.278666	12.11233	13.54167	16.13267	11.73513	7.093	13.14233	5.013579	14.99183	7.533649	13.02758	8.265333	15.43567	10.891	10.497	13.49313	9.483299	13.83221	13.74514	5.053	14.694	-1.144195	7.410333	9.402666	11.61528	5.544333	12.09433	23.9515	9.947	10.44033	13.60567	16.89367	12.869
67	PT033	13.978	11.45433	11.25533	6.831667	13.14433	11.74867	16.3305	2.822	13.14233	5.278666	12.11233	13.54167	16.13267	11.73513	7.093	13.14233	5.013579	14.99183	7.533649	13.02758	8.265333	15.43567	10.891	10.497	13.49313	9.483299	13.83221	13.74514	5.053	14.694	-1.144195	7.410333	9.402666	11.61528	5.544333	12.09433	23.9515	9.947	10.44033	13.60567	16.89367	12.869
68	PT034	13.978	11.45433	11.25533	6.831667	13.14433	11.74867	16.3305	2.822	13.14233	5.278666	12.11233	13.54167	16.13267	11.73513	7.093	13.14233	5.013579	14.99183	7.533649	13.02758	8.265333	15.43567	10.891	10.497	13.49313	9.483299	13.83221	13.74514	5.053	14.694	-1.144195	7.410333	9.402666	11.61528	5.544333	12.09433	23.9515	9.947	10.44033	13.60567	16.89367	12.869
69	PT035	13.978	11.45433	11.25533	6.831667	13.14433	11.74867	16.3305	2.822	13.14233	5.278666	12.11233	13.54167	16.13267	11.73513	7.093	13.14233	5.013579	14.99183	7.533649	13.02758	8.265333	15.43567	10.891	10.497	13.49313	9.483299	13.83221	13.74514	5.053	14.694	-1.144195	7.410333	9.402666	11.61528	5.544333	12.09433	23.9515	9.947	10.44033	13.60567	16.89367	12.869
