SAMPLE	AIM2	CASP1	CCL2	CCL20	CCL27	CCL5	CTLA4	CXCL1	CXCL10	CXCL2	DEFB1	EOMES	FOXP3	IFIH1	IFNAR1	IFNG	IFNGR	IL10	IL17A	IL17F	IL1b	IL1F6	IL1RN	IL20RA	IL22	IL22RA1	IL22RA2	IL26	IL8b	KLRK1	LCN2	MICB	NLRP1	NLRP3	PI3	PYCARD	REG3A	S100A8	S100A9	TNF	TRGC1	WIPI1
1	C001	30.7439994812012	25.9740009307861	26.5160007476807	30.5799999237061	25.3150005340576	28.3250007629395	32.0410003662109	29.1940002441406	30.7339992523193	29.6790008544922	25.9740009307861	32.9459991455078	31.4370002746582	28.84034	26.1639995574951	30.7339992523193	24.536242	NA	NA	32.38743	31.5620002746582	28.6499996185303	24.7679996490479	26.6480007171631	33.15204	25.094486	30.017536	NA	30.9610004425049	28.6520004272461	26.498482	30.3810005187988	24.7290000915527	NA	27.1529998779297	26.3810005187988	35.9169998168945	26.4379997253418	26.8199996948242	28.4150009155273	31.7350006103516	26.7099990844727
2	C001.1	NA	25.9669990539551	26.7339992523193	30.9529991149902	25.1459999084473	28.9570007324219	NA	NA	29.9589996337891	29.6040000915527	25.8330001831055	NA	31.0030002593994	28.972271	26.0300006866455	29.9589996337891	24.168318	NA	NA	34.84725	31.0109996795654	28.6049995422363	24.4829998016357	26.4979991912842	NA	24.745333	30.24973	32.166008	30.2900009155273	NA	26.312777	NA	24.7639999389648	29.69981	27.4130001068115	26.2779998779297	36.2709999084473	26.3129997253418	26.5209999084473	28.386999130249	30.9360008239746	26.9419994354248
3	C001.2	30.3610000610352	26.1709995269775	26.5340003967285	NA	25.25	28.2520008087158	31.4680004119873	29.4529991149902	30.1499996185303	29.9290008544922	26.0769996643066	32.8059997558594	31.2290000915527	NA	26.1000003814697	30.1499996185303	24.291574	NA	NA	NA	31.1180000305176	28.1089992523193	24.6040000915527	26.6730003356934	NA	25.34108	NA	33.05548	NA	28.9349994659424	27.040804	30.2129993438721	24.738000869751	29.667896	27.431999206543	26.2590007781982	NA	26.0279998779297	26.3619995117188	28.0960006713867	31.246000289917	26.6439990997314
4	C002	NA	25.3379993438721	26.2569999694824	30.2259998321533	23.5279998779297	27.1809997558594	34.2560005187988	31.2210006713867	30.3759994506836	31.3640003204346	21.7129993438721	32.2470016479492	NA	26.311348	25.6310005187988	30.3759994506836	23.96942	NA	NA	NA	30.9710006713867	29.7339992523193	24.7719993591309	25.6499996185303	NA	27.044962	NA	31.369139	NA	28.6509990692139	25.364555	30.1959991455078	24.5349998474121	28.316992	29.253999710083	23.6580009460449	NA	24.2390003204346	26.9419994354248	30.1919994354248	28.7929992675781	25.3120002746582
5	C002.1	31.4930000305176	25.4710006713867	26.5410003662109	30.5340003967285	23.6070003509521	27.2000007629395	NA	32.0519981384277	30.8460006713867	31.9459991455078	21.6389999389648	32.8219985961914	32.673999786377	26.310001	25.5540008544922	30.8460006713867	23.97561	NA	NA	NA	31.1399993896484	29.5559997558594	24.7830009460449	25.5979995727539	NA	26.96788	30.567696	30.823467	37.2709999084473	28.7450008392334	25.293211	29.3549995422363	24.4729995727539	NA	29.0939998626709	23.6119995117188	38.1160011291504	24.2569999694824	26.9459991455078	30.121000289917	29.1749992370605	25.0590000152588
6	C002.2	31.8299999237061	25.4200000762939	26.0410003662109	29.8799991607666	23.0830001831055	27.0839996337891	34.7980003356934	NA	30.9850006103516	31.4440002441406	21.7070007324219	NA	32.0180015563965	26.237394	25.5349998474121	30.9850006103516	23.977777	NA	14.361284	NA	31.4069995880127	29.5729999542236	24.7970008850098	25.7119998931885	NA	26.696903	30.276918	NA	37.8460006713867	NA	24.874266	29.9290008544922	24.6100006103516	29.586657	29.1900005340576	23.6079998016357	36.7859992980957	24.1909999847412	26.8279991149902	30.3169994354248	28.9039993286133	25.1800003051758
7	C003	31.7770004272461	26.0779991149902	25.8759994506836	30.4769992828369	22.4300003051758	26.7779998779297	32.4930000305176	31.6650009155273	30.1229991912842	NA	21.6550006866455	32.2509994506836	31.1310005187988	NA	26.0249996185303	30.1229991912842	24.328884	NA	NA	NA	26.7390003204346	29.6599998474121	24.9580001831055	25.1870002746582	NA	26.931057	NA	NA	33.257999420166	27.82200050354	21.46683	30.2399997711182	24.548999786377	29.42908	26.8040008544922	24.3229999542236	34.8629989624023	21.6720008850098	23.1900005340576	29.3759994506836	NA	25.5300006866455
8	C003.1	31.4820003509521	25.9729995727539	25.8659992218018	NA	22.3500003814697	27.1879997253418	NA	31.5219993591309	30.17799949646	31.8439998626709	21.5820007324219	31.8560009002686	31.0860004425049	25.986576	26.0109996795654	30.17799949646	24.354355	NA	NA	NA	26.5970001220703	29.8850002288818	24.6079998016357	25.17799949646	NA	27.040386	28.454773	31.232264	NA	27.7600002288818	21.863297	29.5750007629395	24.6989994049072	NA	26.5580005645752	24.431999206543	31.4500007629395	21.3509998321533	23.0659999847412	29.5060005187988	29.6319999694824	25.8390007019043
9	C003.2	31.4479999542236	25.9589996337891	25.6760005950928	30.1979999542236	22.0090007781982	26.7590007781982	32.7820014953613	31.5470008850098	30.2800006866455	31.257999420166	21.5979995727539	NA	NA	26.028791	26.1870002746582	30.2800006866455	24.27385	34.6539993286133	NA	NA	26.6529998779297	30.3579998016357	24.7159996032715	25.2549991607666	NA	NA	29.164085	NA	33.2560005187988	27.8519992828369	21.630531	30.2059993743896	24.5109996795654	29.534988	26.1770000457764	24.3939990997314	NA	21.3379993438721	23.0429992675781	29.8229999542236	29.5629997253418	25.298999786377
10	C004	30.132999420166	22.3279991149902	24.5160007476807	28.2919998168945	20.4659996032715	25.8250007629395	32.4580001831055	31.5109996795654	28.613000869751	NA	19.8199996948242	30.6100006103516	NA	24.76084	24.6529998779297	28.613000869751	22.688826	NA	NA	32.51052	26.8850002288818	28.1879997253418	24.0709991455078	24.7649993896484	NA	26.17224	28.35905	28.877592	NA	26.382999420166	21.963152	29.9689998626709	24.1509990692139	26.582914	27.7189998626709	22.6140003204346	32.5559997558594	20.5909996032715	NA	28.0849990844727	27.451000213623	23.7210006713867
11	C004.1	30.0440006256104	22.2810001373291	24.3419990539551	28.2830009460449	20.3479995727539	25.8059997558594	NA	30.9799995422363	NA	30.9850006103516	19.7719993591309	31.2099990844727	31.371000289917	24.574581	24.6539993286133	NA	22.656458	NA	NA	NA	27.113000869751	28.5349998474121	24.1259994506836	24.8540000915527	NA	26.51205	NA	29.476124	31.9939994812012	26.2950000762939	21.81953	30.3309993743896	24.0650005340576	NA	27.1509990692139	22.5690002441406	32.8190002441406	20.55299949646	23.2110004425049	28.3339996337891	27.3840007781982	23.7129993438721
12	C004.2	30.3390007019043	22.193000793457	24.4139995574951	27.5580005645752	20.1790008544922	25.9190006256104	32.640998840332	31.8309993743896	28.1529998779297	30.5240001678467	19.8169994354248	30.9570007324219	31.3980007171631	24.64711	24.7479991912842	28.1529998779297	22.681803	NA	NA	NA	27.0629997253418	28.4699993133545	24.1389999389648	24.7299995422363	NA	26.31144	28.506384	NA	32.3019981384277	26.2439994812012	21.905653	29.9740009307861	23.9780006408691	25.784664	27.617000579834	22.6049995422363	33.0719985961914	20.5149993896484	23.5459995269775	28.6840000152588	28.0830001831055	23.5179996490479
13	C005	29.0429992675781	23.0949993133545	25.3139991760254	28.386999130249	21.117000579834	26.3250007629395	31.8159999847412	NA	28.7299995422363	NA	20.4950008392334	NA	30.6590003967285	24.931292	25.3299999237061	28.7299995422363	23.421	NA	NA	NA	NA	26.7549991607666	23.8269996643066	25.6499996185303	NA	25.917633	29.886251	NA	33.4440002441406	26.4330005645752	22.032804	29.0830001831055	23.82200050354	NA	22.6180000305176	21.9549999237061	NA	18.1299991607666	19.9689998626709	28.6359996795654	28.4650001525879	23.4570007324219
14	C005.1	29.2390003204346	23.1089992523193	25.3549995422363	28.2019996643066	21.1100006103516	26.5729999542236	32.1030006408691	30.4370002746582	28.3889999389648	29.6030006408691	20.503999710083	33.939998626709	30.3570003509521	24.54759	25.1280002593994	28.3889999389648	23.375217	NA	NA	NA	31.1630001068115	26.7549991607666	23.8339996337891	25.7000007629395	NA	26.378046	29.342873	34.397057	33.0439987182617	26.6100006103516	22.046463	29.1319999694824	23.9190006256104	28.499506	22.5869998931885	21.8859996795654	34.1020011901855	18.0459995269775	19.9400005340576	28.57200050354	28.6669998168945	23.4829998016357
15	C005.2	NA	NA	25.5739994049072	28.6889991760254	21.0389995574951	26.3150005340576	31.5970001220703	30.5109996795654	28.3250007629395	30.3500003814697	20.5330009460449	32.798999786377	30.7689990997314	24.495653	25.363000869751	28.3250007629395	23.564041	NA	NA	NA	30.8110008239746	26.7980003356934	23.82200050354	25.8050003051758	NA	26.171028	29.768782	33.748554	NA	26.2970008850098	22.51633	29.0690002441406	23.7530002593994	27.826101	22.8799991607666	21.9249992370605	34.326000213623	18.7560005187988	20.1450004577637	28.2840003967285	28.681999206543	23.3680000305176
16	C006	30.1650009155273	24.6119995117188	26.6509990692139	29.7129993438721	23.193000793457	28.375	33.4500007629395	NA	30.9479999542236	29.8980007171631	22.2999992370605	NA	NA	26.602535	26.9939994812012	30.9479999542236	24.954489	NA	NA	NA	31.2129993438721	30.2110004425049	25.1700000762939	26.6650009155273	NA	27.7979	29.807964	36.87767	NA	28.253999710083	NA	31.3759994506836	24.5440006256104	31.315483	28.4559993743896	24.0450000762939	NA	23.6469993591309	26.8509998321533	30.4120006561279	28.9979991912842	25.2919998168945
17	C006.1	29.9990005493164	24.5009994506836	26.8689994812012	NA	23.1940002441406	28.3110008239746	32.8279991149902	31.2029991149902	31.1420001983643	30.6420001983643	22.3250007629395	34.4080009460449	32.1339988708496	26.601511	26.9409999847412	31.1420001983643	24.882734	NA	NA	34.225403	30.9629993438721	30.3509998321533	25.2269992828369	26.6350002288818	NA	28.15785	30.464458	NA	33.2970008850098	28.1870002746582	25.511848	31.8540000915527	24.5949993133545	NA	NA	24.1439990997314	34.9550018310547	23.6560001373291	26.996000289917	30.5750007629395	29.1439990997314	25.4020004272461
18	C006.2	30.5030002593994	24.5499992370605	26.9349994659424	30.4759998321533	23.1690006256104	28.6749992370605	32.8540000915527	31.0930004119873	NA	NA	22.4249992370605	32.1040000915527	32.234001159668	26.950788	26.9570007324219	NA	24.821669	NA	NA	NA	30.9160003662109	29.9570007324219	25.1159992218018	27.2749996185303	NA	27.772526	NA	39.308712	38.060001373291	28.617000579834	25.984985	31.5009994506836	24.6380004882812	30.662025	28.4360008239746	24.0620002746582	37.2150001525879	23.5919990539551	27.0690002441406	29.9629993438721	NA	25.4009990692139
19	C007	30.5550003051758	24.9829998016357	25.9360008239746	29.8400001525879	23.0790004730225	26.8449993133545	33.4189987182617	31.2409992218018	30.1889991760254	NA	21.5949993133545	31.7639999389648	31.55299949646	25.611065	26.5149993896484	30.1889991760254	24.070807	NA	NA	28.227793	28.7870006561279	29.9909992218018	24.6700000762939	NA	NA	26.831783	28.950788	32.091026	32.3160018920898	28.6030006408691	22.888332	30.4990005493164	24.7280006408691	NA	26.8519992828369	23.806999206543	NA	21.5440006256104	24.1560001373291	30.0400009155273	NA	25.3719997406006
20	C007.1	30.5240001678467	24.9029998779297	25.55299949646	29.4589996337891	23.1410007476807	27.318000793457	33.7649993896484	NA	NA	30.1660003662109	21.6840000152588	NA	31.2660007476807	26.113619	26.5909996032715	NA	24.216732	35.1500015258789	NA	NA	28.9640007019043	29.9379997253418	24.6240005493164	31.0709991455078	NA	26.75261	NA	NA	NA	NA	23.341152	NA	24.4790000915527	31.098766	27.4990005493164	23.7740001678467	31.1870002746582	21.5830001831055	24.2180004119873	29.701000213623	29.2229995727539	24.9160003662109
21	C007.2	30.326000213623	25.0499992370605	25.9780006408691	29.1690006256104	23.4270000457764	27.298999786377	NA	31.4740009307861	29.6840000152588	30.6919994354248	21.6219997406006	33.6370010375977	31.0799999237061	25.837856	26.6149997711182	29.6840000152588	23.970306	NA	NA	NA	29.181999206543	29.6159992218018	24.5779991149902	31.443000793457	NA	27.15299	27.214746	35.191727	33.3139991760254	28.8279991149902	23.509642	29.9839992523193	24.4090003967285	31.035822	27.1410007476807	23.8090000152588	32.6290016174316	21.5639991760254	24.3150005340576	29.6350002288818	29.3150005340576	25.1830005645752
22	C008	30.7119998931885	25.2119998931885	26.5090007781982	32.398998260498	24.1060009002686	26.4150009155273	32.2669982910156	33.4959983825684	31.8540000915527	31.1380004882812	25.6070003509521	NA	31.3959999084473	27.326918	25.2849998474121	31.8540000915527	23.681717	NA	NA	NA	31.3390007019043	29.2369995117188	24.2240009307861	26.2210006713867	32.46459	24.895693	30.287712	34.71545	33.3569984436035	28.6340007781982	25.509054	29.1730003356934	24.0590000152588	28.220957	28.1660003662109	26.3139991760254	30.1149997711182	28.3040008544922	29.07200050354	28.2590007781982	29.42799949646	26.0149993896484
23	C008.1	30.0790004730225	25.2549991607666	26.5410003662109	NA	23.8740005493164	26.8269996643066	31.9270000457764	NA	31.8770008087158	NA	25.8110008239746	30.3040008544922	30.6410007476807	27.118778	25.1410007476807	31.8770008087158	23.817606	NA	NA	NA	30.8819999694824	29.628999710083	24.2789993286133	25.9869995117188	NA	24.709059	NA	35.902134	33.4640007019043	28.4710006713867	25.617947	29.3349990844727	24.0949993133545	31.847218	28.1180000305176	26.3770008087158	NA	28.382999420166	29.5890007019043	28.0410003662109	30.076000213623	26.0189990997314
24	C008.2	30.4699993133545	25.3819999694824	26.9570007324219	31.2910003662109	24.2709999084473	26.6509990692139	31.5580005645752	NA	NA	30.1940002441406	25.6450004577637	30.8059997558594	31.1790008544922	26.982214	25.3269996643066	NA	24.117449	NA	NA	NA	NA	29.6979999542236	NA	26.1809997558594	NA	25.126196	29.706732	NA	33.2159996032715	27.923999786377	25.79129	NA	24.076000213623	NA	28.4379997253418	26.4260005950928	39.5820007324219	28.6420001983643	29.5459995269775	28.2129993438721	NA	25.9389991760254
25	C009	NA	25.992000579834	26.7670001983643	32.5089988708496	39.8779983520508	26.6030006408691	32.351001739502	32.5690002441406	28.6560001373291	30.9270000457764	25.5669994354248	30.1599998474121	30.6870002746582	28.39739	NA	28.6560001373291	23.557447	NA	NA	NA	30.1569995880127	28.7169990539551	23.5620002746582	26.3229999542236	NA	23.780191	27.667704	35.33784	NA	27.261999130249	25.064548	29.1809997558594	24.2199993133545	28.673317	29.5319995880127	25.9599990844727	36.1069984436035	27.1580009460449	27.9839992523193	28.0279998779297	29.3509998321533	27.25
26	C009.1	31.1870002746582	25.761999130249	26.6560001373291	31.7679996490479	38.0769996643066	26.4909992218018	32.1180000305176	NA	29.0820007324219	31.5109996795654	25.6830005645752	30.0419998168945	30.3090000152588	NA	25.3040008544922	29.0820007324219	23.628881	NA	NA	NA	NA	28.7409992218018	23.5909996032715	26.4659996032715	NA	24.025278	NA	32.039776	32.5419998168945	26.9619998931885	25.726187	28.4729995727539	24.1879997253418	NA	29.30299949646	25.4860000610352	35.6809997558594	27.3999996185303	27.7189998626709	28.132999420166	29.6639995574951	26.8490009307861
27	C009.2	30.9640007019043	25.6509990692139	26.92799949646	NA	23.4710006713867	26.4220008850098	32.0340003967285	32.1150016784668	28.5340003967285	30.753999710083	25.5240001678467	30.5130004882812	30.5960006713867	27.949743	25.693000793457	28.5340003967285	23.539343	NA	NA	NA	30.9220008850098	28.2299995422363	23.5559997558594	26.2549991607666	NA	NA	28.016573	29.040323	39.2449989318848	27.1909999847412	25.794641	29.1420001983643	24.2590007781982	28.403948	29.1459999084473	25.757999420166	NA	27.1189994812012	27.6580009460449	27.9950008392334	29.1509990692139	26.9570007324219
28	C010	31.2870006561279	25.4839992523193	25.8700008392334	NA	NA	27.9449996948242	31.9020004272461	30.9200000762939	30.19700050354	30.6040000915527	26.6879997253418	32.1920013427734	30.443000793457	27.996628	25.6749992370605	30.19700050354	23.446054	NA	NA	NA	28.4930000305176	27.7509994506836	23.7660007476807	25.431999206543	32.841988	24.642717	28.483267	29.710878	37.4129981994629	28.2119998931885	24.795841	28.4990005493164	24.8929996490479	28.724176	24.4850006103516	NA	34.0099983215332	24.7919998168945	25.1480007171631	27.9190006256104	30.3700008392334	26.9810009002686
29	C010.1	30.9799995422363	25.4349994659424	25.9549999237061	30.2929992675781	39.4210014343262	27.8229999542236	32.1980018615723	30.386999130249	NA	30.193000793457	27.0009994506836	32.7540016174316	30.5809993743896	27.4076	25.8250007629395	NA	23.36014	NA	NA	NA	28.5470008850098	28.1040000915527	23.9020004272461	25.4419994354248	NA	24.658216	NA	32.930054	39.4440002441406	28.0520000457764	24.617296	28.8190002441406	24.8099994659424	NA	24.5830001831055	25.4349994659424	NA	24.5909996032715	25.2199993133545	27.6550006866455	30.2099990844727	26.7700004577637
30	C010.2	30.6569995880127	25.2530002593994	25.6940002441406	30.2670001983643	23.1669998168945	27.8190002441406	32.476001739502	NA	30.6650009155273	30.7870006561279	26.6539993286133	NA	NA	NA	26.0270004272461	30.6650009155273	23.556635	NA	NA	33.712986	NA	28.0310001373291	23.878999710083	25.5990009307861	NA	24.634798	28.309982	33.13124	33.2599983215332	27.8430004119873	24.668577	29.2700004577637	25.0410003662109	28.758268	24.4659996032715	25.3899993896484	NA	24.5830001831055	25.4109992980957	27.8460006713867	NA	26.7240009307861
31	C011	32.7360000610352	26.7919998168945	27.5219993591309	30.8889999389648	NA	28.6240005493164	34.3479995727539	33.3499984741211	31.3169994354248	31.4069995880127	26.8579998016357	33.8320007324219	32.3310012817383	NA	26.6189994812012	31.3169994354248	NA	NA	11.3753395	NA	NA	30.2660007476807	25.4869995117188	27.6669998168945	NA	25.382114	31.07439	33.308693	NA	29.628999710083	28.00666	29.8290004730225	25.3999996185303	NA	27.8729991912842	27.4619998931885	30.2590007781982	31.113000869751	30.5300006866455	29.6429996490479	NA	28.2450008392334
32	C011.1	32.2319984436035	26.5970001220703	27.6410007476807	31.128999710083	26.5709991455078	28.5419998168945	34.3400001525879	NA	31.4340000152588	NA	27.0459995269775	NA	32.951000213623	28.952536	26.8020000457764	31.4340000152588	24.957684	NA	NA	NA	33.492000579834	30.0860004425049	25.6350002288818	27.9950008392334	NA	25.756735	32.13068	NA	33.5270004272461	30.242000579834	28.342043	NA	25.625	27.018856	27.7929992675781	27.7369995117188	NA	31.7250003814697	30.5300006866455	29.4120006561279	30.8649997711182	27.8799991607666
33	C011.2	NA	26.757999420166	27.5319995880127	NA	26.1499996185303	28.8780002593994	34.0890007019043	32.3779983520508	NA	31.3159999847412	26.8339996337891	31.8040008544922	NA	29.003792	26.7749996185303	NA	25.062574	NA	NA	NA	33.4819984436035	29.8430004119873	25.4939994812012	27.9039993286133	NA	25.715113	NA	NA	33.2080001831055	30.3929996490479	27.664017	30.3020000457764	25.42799949646	34.33475	28.4969997406006	27.4190006256104	35.1030006408691	NA	31.0849990844727	NA	31.5610008239746	28.4860000610352
34	C012	NA	24.5450000762939	25.4810009002686	NA	23.6870002746582	26.5690002441406	31.863000869751	31.7320003509521	31.943000793457	NA	25.1650009155273	30.4750003814697	NA	NA	25.0650005340576	31.943000793457	22.651934	NA	NA	NA	29.8150005340576	27.5009994506836	23.4060001373291	25.6340007781982	NA	23.986126	28.67895	NA	NA	28.5729999542236	24.13425	28.2980003356934	23.6770000457764	32.41559	25.8330001831055	25.003999710083	34.8790016174316	25.7689990997314	26.5599994659424	27.6350002288818	29.32200050354	25.943000793457
35	C012.1	30.9820003509521	24.5629997253418	25.5790004730225	30.1730003356934	23.6070003509521	27.0209999084473	32.7379989624023	31.6280002593994	32.117000579834	30.8059997558594	24.9080009460449	NA	30.4689998626709	27.028801	25.1009998321533	32.117000579834	22.849506	NA	NA	NA	29.3549995422363	27.6100006103516	23.3090000152588	25.5049991607666	NA	24.187038	NA	35.276016	NA	28.5069999694824	24.166786	28.6399993896484	23.6590003967285	31.671974	25.7810001373291	25.1749992370605	NA	25.9020004272461	26.5459995269775	27.4379997253418	29.2549991607666	26.0139999389648
36	C012.2	30.6499996185303	24.6830005645752	25.4440002441406	30.1520004272461	23.7269992828369	27.1480007171631	NA	31.2970008850098	NA	30.7169990539551	25.2220001220703	30.6389999389648	30.8279991149902	26.7548	NA	NA	22.899609	NA	NA	NA	29.8460006713867	27.7399997711182	23.4160003662109	25.3819999694824	NA	23.902369	28.63712	35.989937	33.1720008850098	28.6180000305176	24.358316	28.7399997711182	23.6049995422363	NA	25.8309993743896	25.2059993743896	38.2569999694824	NA	26.3899993896484	27.8059997558594	NA	25.7609996795654
37	C013	32.3959999084473	25.9379997253418	28.1299991607666	29.9260005950928	28.2099990844727	29.0380001068115	NA	33.2120018005371	31.5189990997314	31.2819995880127	27.7959995269775	32.0699996948242	31.9950008392334	29.224695	26.693000793457	31.5189990997314	25.553589	NA	NA	NA	30.4570007324219	29.1240005493164	25.0179996490479	26.8460006713867	NA	25.465929	NA	35.416252	NA	30.9860000610352	27.89912	29.5839996337891	25.3649997711182	NA	NA	26.1359996795654	30.2970008850098	29.431999206543	31.2740001678467	29.4650001525879	31.0109996795654	NA
38	C013.1	NA	26.1870002746582	28.0769996643066	32.1800003051758	27.6639995574951	NA	33.5309982299805	32.8310012817383	30.6879997253418	31.4820003509521	27.818000793457	31.9839992523193	31.8700008392334	NA	26.6879997253418	30.6879997253418	25.035257	NA	NA	NA	NA	29.0830001831055	25.2169990539551	26.7490005493164	NA	25.32877	28.468895	33.46907	32.5289993286133	30.886999130249	28.176268	29.7399997711182	25.5030002593994	NA	28.1560001373291	25.9419994354248	39.7849998474121	NA	31.2730007171631	30.2919998168945	NA	27.4990005493164
39	C013.2	33.3370018005371	25.7889995574951	28.2049999237061	30.9759998321533	27.867000579834	29.5060005187988	33.701000213623	NA	31.1809997558594	30.798999786377	27.826000213623	NA	32.2410011291504	29.040606	26.7210006713867	31.1809997558594	25.405151	NA	NA	NA	33.3079986572266	28.5830001831055	25.2040004730225	26.7119998931885	NA	25.749624	28.547125	NA	33.5040016174316	NA	28.188662	29.5310001373291	25.7140007019043	31.515087	28.4230003356934	26.1499996185303	NA	29.4300003051758	31.6580009460449	29.826000213623	32.4290008544922	27.951000213623
40	C014	NA	25.1359996795654	26.2180004119873	28.9580001831055	24.9570007324219	27.1860008239746	32.2220001220703	NA	30.6420001983643	29.7369995117188	27.1350002288818	NA	NA	27.74648	25.326000213623	30.6420001983643	23.559582	NA	NA	NA	29.0790004730225	28.4570007324219	24.5	31.8090000152588	NA	25.21193	27.877846	33.516544	NA	28.7070007324219	24.056437	29.1870002746582	24.0869998931885	27.850786	27.1140003204346	25.7950000762939	31.9769992828369	27.5779991149902	27.9039993286133	27.6919994354248	29.2450008392334	27.2590007781982
41	C014.1	30.0109996795654	24.9330005645752	26.2409992218018	29.5419998168945	25.1459999084473	27.1450004577637	31.7600002288818	33.3079986572266	NA	NA	27.3150005340576	NA	30.3810005187988	27.812962	25.5440006256104	NA	23.613522	35.0439987182617	NA	NA	28.9529991149902	28.4029998779297	24.4740009307861	32.3129997253418	32.389492	24.951248	28.81548	36.58185	33.1459999084473	28.1889991760254	23.77669	29.0839996337891	23.9449996948242	32.413727	27.6399993896484	26.0739994049072	32.9710006713867	27.5970001220703	28.011999130249	27.8349990844727	29.5109996795654	26.9039993286133
42	C014.2	30.3850002288818	25.2320003509521	26.2000007629395	29.2439994812012	25.3990001678467	27.4379997253418	32.1549987792969	NA	30.0739994049072	30.6350002288818	26.8080005645752	NA	30.6620006561279	27.721443	25.4529991149902	30.0739994049072	24.078949	NA	NA	NA	NA	28.3250007629395	24.7900009155273	NA	NA	25.52157	NA	33.633904	33.4179992675781	28.4549999237061	23.29559	28.8330001831055	24.068000793457	NA	27.4750003814697	25.8290004730225	NA	27.2779998779297	28.2409992218018	27.5450000762939	NA	27.2129993438721
43	C015	NA	26.2189998626709	28.0209999084473	31.8980007171631	26.617000579834	27.9409999847412	33.8769989013672	33.2849998474121	NA	31.67799949646	26.6959991455078	NA	31.4769992828369	28.043007	25.8980007171631	NA	24.890745	NA	NA	NA	30.7310009002686	29.4990005493164	24.9759998321533	26.6749992370605	NA	25.584406	30.303595	34.68472	33.2060012817383	28.8570003509521	24.746962	29.3990001678467	25.1770000457764	NA	26.6979999542236	26.5	34.2849998474121	25.9890003204346	25.67799949646	29.1340007781982	29.9209995269775	27.8059997558594
44	C015.1	31.9069995880127	26.07200050354	27.4740009307861	NA	26.6070003509521	27.9449996948242	34.375	NA	29.1070003509521	NA	26.7369995117188	31.6520004272461	NA	27.604397	25.931999206543	29.1070003509521	24.750666	NA	NA	NA	30.2469997406006	29.0650005340576	24.9080009460449	26.7140007019043	NA	NA	NA	33.02967	NA	28.8619995117188	25.045341	29.7290000915527	25.0030002593994	NA	26.6720008850098	26.5860004425049	32.6679992675781	25.8530006408691	26.0690002441406	28.8059997558594	29.4769992828369	27.7630004882812
45	C015.2	31.9930000305176	26.2199993133545	27.5729999542236	31.1469993591309	26.7880001068115	28.0289993286133	NA	33.193000793457	29.8649997711182	30.9349994659424	27.1180000305176	32.2840003967285	31.1399993896484	27.551243	26.0550003051758	29.8649997711182	24.316334	34.1020011901855	2.106629	NA	30.9150009155273	29.3099994659424	24.9659996032715	26.6219997406006	NA	25.284916	31.052896	37.48793	NA	28.6149997711182	25.27896	29.6959991455078	25.2840003967285	30.295107	27.0979995727539	26.7229995727539	NA	26.0090007781982	25.5109996795654	29.5289993286133	30.0879993438721	27.5650005340576
46	C016	32.2400016784668	27.4220008850098	28.5779991149902	28.9249992370605	28.2600002288818	29.4200000762939	33.8889999389648	34.3740005493164	27.7819995880127	33.0639991760254	27.5289993286133	NA	32.3530006408691	30.410326	27.7040004730225	27.7819995880127	25.772036	NA	NA	NA	32.867000579834	31.8460006713867	26.5839996337891	29.2759990692139	NA	27.36153	33.82782	34.399925	37.4249992370605	30.2199993133545	28.318035	31.8150005340576	27.867000579834	32.82193	NA	28.4360008239746	33.3580017089844	28.503999710083	31.4099998474121	30.3250007629395	NA	29.4449996948242
47	C016.1	NA	27.3150005340576	28.2609996795654	28.6529998779297	28.7730007171631	29.7129993438721	NA	37.1980018615723	28.0729999542236	NA	27.4160003662109	35.9519996643066	32.0730018615723	29.427668	27.121000289917	28.0729999542236	25.694832	NA	NA	NA	32.2239990234375	NA	26.5779991149902	28.6959991455078	NA	27.453707	NA	30.738472	37.4650001525879	NA	29.080853	31.7430000305176	27.8610000610352	NA	29.4090003967285	28.632999420166	33.2430000305176	28.6030006408691	31.9829998016357	30.798999786377	32.7560005187988	29.7679996490479
48	C016.2	32.0589981079102	27.4640007019043	28.5069999694824	28.4440002441406	NA	29.8470001220703	32.7400016784668	NA	28.0949993133545	32.5219993591309	27.4150009155273	34.0730018615723	32.8880004882812	NA	27.193000793457	28.0949993133545	NA	NA	NA	NA	32.3479995727539	32.2410011291504	26.7970008850098	29.2759990692139	NA	NA	34.532974	NA	NA	29.9300003051758	NA	NA	27.5270004272461	32.74795	29.7159996032715	28.4230003356934	33.1549987792969	28.6730003356934	31.5869998931885	29.9729995727539	31.6410007476807	29.2329998016357
49	C017	30.5919990539551	26.3330001831055	26.996000289917	30.9860000610352	25.8309993743896	28.7639999389648	32.5849990844727	NA	33.4179992675781	32.9379997253418	26.8649997711182	NA	30.7520008087158	28.689213	26.3729991912842	33.4179992675781	24.450909	NA	NA	NA	NA	30.0739994049072	25.0629997253418	26.2180004119873	32.86745	NA	NA	35.067703	32.9230003356934	28.2390003204346	NA	29.3209991455078	24.2709999084473	29.64745	NA	27.0440006256104	36.6389999389648	30.2600002288818	31.5779991149902	29.1529998779297	30.5809993743896	28.4500007629395
50	C017.1	30.8939990997314	26.5550003051758	26.8349990844727	30.4379997253418	25.8190002441406	28.1550006866455	32.0999984741211	39.798999786377	31.5510005950928	32.5229988098145	26.923999786377	33.6399993896484	NA	28.86769	26.2940006256104	31.5510005950928	24.493828	34.4449996948242	NA	NA	31.4160003662109	29.8099994659424	24.9529991149902	25.8080005645752	NA	25.384193	28.106888	NA	NA	28.1469993591309	27.40219	NA	24.3050003051758	NA	30.048999786377	26.3959999084473	NA	29.5799999237061	31.4160003662109	28.8689994812012	NA	28.3290004730225
51	C017.2	31.2189998626709	26.4650001525879	26.701000213623	NA	25.8369998931885	28.3250007629395	32.4720001220703	NA	NA	NA	26.5219993591309	33.9010009765625	30.4039993286133	NA	26.2800006866455	NA	24.319862	34.5439987182617	NA	NA	30.7189998626709	NA	24.9200000762939	26.2679996490479	NA	25.412907	28.417887	NA	33.2849998474121	28.2789993286133	27.446312	29.2299995422363	24.3819999694824	29.196232	29.7450008392334	26.7889995574951	32.7060012817383	29.5559997558594	31.2950000762939	29.2649993896484	30.9909992218018	28.4260005950928
52	C018	29.0259990692139	25.6389999389648	25.3530006408691	30.9379997253418	24.2350006103516	27.8980007171631	31.496000289917	29.5200004577637	29.882999420166	NA	25.1879997253418	31.326000213623	30.0750007629395	27.800812	25.173999786377	29.882999420166	23.475039	NA	NA	NA	30.5200004577637	28.2369995117188	23.9120006561279	25.3229999542236	NA	24.57799	27.868597	NA	NA	27.9640007019043	26.468876	28.1720008850098	23.5349998474121	27.65705	27.1630001068115	25.9039993286133	NA	29.2129993438721	NA	27.8560009002686	31.136999130249	26.3880004882812
53	C018.1	29.5739994049072	25.4909992218018	25.5020008087158	31.431999206543	24.2229995727539	28.4270000457764	NA	30.1879997253418	30.496000289917	30.5559997558594	25.0459995269775	30.878999710083	29.8859996795654	NA	25.2520008087158	30.496000289917	23.495453	NA	NA	NA	30.2029991149902	28.0020008087158	23.8840007781982	25.2110004425049	NA	24.131834	NA	30.81436	31.6110000610352	28.6709995269775	26.155258	28.1469993591309	23.4790000915527	NA	27.1800003051758	25.8430004119873	NA	28.9200000762939	29.5259990692139	27.613000869751	30.443000793457	26.1889991760254
54	C018.2	NA	25.371000289917	25.378999710083	31.4440002441406	24.2189998626709	28.1499996185303	31.8700008392334	30.2649993896484	30.0069999694824	30.1399993896484	25.19700050354	30.8190002441406	29.9540004730225	27.716515	25.257999420166	30.0069999694824	24.027332	34.4490013122559	NA	NA	NA	28.6749992370605	23.9750003814697	24.7350006103516	NA	24.215837	27.950808	30.481703	32.1450004577637	28.4109992980957	25.780518	28.5869998931885	23.6669998168945	27.314608	27.0499992370605	25.8120002746582	NA	29.2240009307861	29.5580005645752	27.5799999237061	30.7970008850098	26.7280006408691
55	C019	NA	25.7830009460449	26.0590000152588	NA	25.0209999084473	27.3990001678467	32.4959983825684	33.3030014038086	32.3250007629395	30.4950008392334	26.6180000305176	33.734001159668	31.8659992218018	28.939735	25.7469997406006	32.3250007629395	23.791393	34.4669990539551	NA	NA	32.4049987792969	27.9090003967285	24.3250007629395	26.2280006408691	NA	24.147528	30.298285	37.3643	NA	NA	24.8176	30.1609992980957	24.5809993743896	30.635635	27.4009990692139	25.6070003509521	NA	25.7280006408691	27.2999992370605	28.8850002288818	31.8269996643066	27.0669994354248
56	C019.1	30.4950008392334	25.7310009002686	26	31.1520004272461	25.1140003204346	27.2439994812012	NA	NA	NA	NA	26.4440002441406	NA	31.2870006561279	29.090883	25.5209999084473	NA	NA	NA	NA	NA	33.4230003356934	27.8950004577637	24.1879997253418	26.2360000610352	NA	24.32873	30.146276	32.487732	38.2130012512207	28.6399993896484	25.477516	29.863000869751	24.3950004577637	NA	27.3610000610352	25.5990009307861	36.9790000915527	25.4680004119873	27.0970001220703	28.5259990692139	31.6410007476807	26.7770004272461
57	C019.2	30.57200050354	25.6389999389648	25.9179992675781	31.4740009307861	25.068000793457	27.4939994812012	33.0449981689453	32.9160003662109	31.7339992523193	30.7439994812012	26.5990009307861	33.7319984436035	31.5779991149902	NA	25.6770000457764	31.7339992523193	23.663479	NA	NA	NA	NA	27.9629993438721	24.2630004882812	26.2749996185303	NA	NA	NA	NA	NA	28.9640007019043	24.837332	29.9890003204346	24.0650005340576	29.680367	27.3700008392334	25.6900005340576	NA	25.5970001220703	26.9979991912842	28.9979991912842	31.0060005187988	26.9979991912842
58	C020	31.511999130249	25.7240009307861	27.5610008239746	32.3349990844727	24.5830001831055	28.7140007019043	31.011999130249	NA	NA	31.7779998779297	25.8740005493164	33.4580001831055	30.7840003967285	27.886574	25.55299949646	NA	24.003035	34.310001373291	NA	NA	32.5149993896484	27.5189990997314	23.8969993591309	25.8010005950928	NA	24.128963	28.999166	35.566193	NA	27.8589992523193	25.402643	29.6499996185303	24.4389991760254	NA	27.3540000915527	24.8409996032715	NA	27.5349998474121	28.1299991607666	29.0410003662109	30.0699996948242	26.9810009002686
59	C020.1	NA	25.7759990692139	27.9069995880127	30.6660003662109	24.5939998626709	28.3810005187988	32.1520004272461	NA	31.4969997406006	NA	25.7299995422363	32.7239990234375	30.0990009307861	27.800303	25.6580009460449	31.4969997406006	23.98898	NA	15.487151	NA	32.4780006408691	27.5659999847412	23.9720001220703	25.7339992523193	NA	NA	29.498028	34.50222	NA	27.9990005493164	25.483587	NA	24.4519996643066	27.740377	27.4290008544922	24.8770008087158	NA	27.2080001831055	28.1669998168945	29.0209999084473	29.5869998931885	26.8680000305176
60	C020.2	32.0169982910156	25.8680000305176	27.6949996948242	NA	24.6079998016357	28.2469997406006	NA	NA	30.7789993286133	31.9769992828369	25.7999992370605	NA	30.5769996643066	27.496693	25.6580009460449	30.7789993286133	24.038443	NA	NA	NA	NA	27.3680000305176	23.9080009460449	25.7299995422363	NA	23.852722	NA	30.582884	33.2089996337891	27.8530006408691	25.225058	29.7089996337891	24.6270008087158	27.947525	27.2240009307861	24.6599998474121	NA	27.2150001525879	28.2789993286133	29.132999420166	NA	27.1380004882812
61	C021	NA	24.9330005645752	25.6280002593994	30.871000289917	23.3509998321533	26.371000289917	NA	30.5230007171631	29.7530002593994	29.8579998016357	25.9710006713867	NA	30.3649997711182	NA	25.1159992218018	29.7530002593994	22.869913	NA	NA	NA	NA	27.7080001831055	23.568000793457	25.2919998168945	NA	24.607986	26.846241	32.642063	30.8560009002686	26.5230007171631	25.900824	28.5659999847412	23.1389999389648	30.800041	26.7689990997314	25.3279991149902	38.1650009155273	NA	29.3640003204346	28.2590007781982	28.8689994812012	27.048999786377
62	C021.1	28.9309997558594	24.7660007476807	25.4950008392334	30.1380004882812	23.4099998474121	26.1200008392334	32.3400001525879	NA	29.2660007476807	30.0440006256104	25.8279991149902	30.8759994506836	30.2369995117188	26.71355	25.05299949646	29.2660007476807	22.714178	NA	NA	NA	29.9300003051758	27.9769992828369	23.5480003356934	25.1720008850098	NA	24.667316	26.889862	32.828957	NA	26.2880001068115	NA	28.8349990844727	23.1340007781982	28.854736	27.0729999542236	25.367000579834	39.2719993591309	29.3570003509521	NA	28.3640003204346	28.5359992980957	26.9969997406006
63	C021.2	29.1569995880127	24.8500003814697	25.3910007476807	30.6749992370605	23.4629993438721	26.1359996795654	32.1769981384277	30.4230003356934	29.5919990539551	29.6909999847412	26.056999206543	31.2049999237061	29.7970008850098	26.913197	25.0499992370605	29.5919990539551	23.002337	NA	NA	NA	30.117000579834	28.246000289917	23.6040000915527	25.1790008544922	NA	24.208447	26.861721	NA	31.5100002288818	26.2490005493164	26.508627	28.511999130249	23.2119998931885	NA	27.1609992980957	25.3990001678467	NA	29.1299991607666	29.8530006408691	28.3419990539551	28.3050003051758	27.3229999542236
64	C022	29.488000869751	24.6359996795654	25.5659999847412	NA	23.2479991912842	27.1989994049072	31.048999786377	28.8169994354248	30.5179996490479	NA	24.8479995727539	31.4689998626709	28.6690006256104	25.922104	23.4549999237061	30.5179996490479	22.077112	33.6209983825684	NA	NA	26.5319995880127	27.011999130249	22.2849998474121	23.5209999084473	32.726254	23.300562	26.477226	30.173168	30.2880001068115	29.1000003814697	23.20538	27.5090007781982	22.9260005950928	NA	24.8169994354248	24.6749992370605	34.4550018310547	25.261999130249	26.2339992523193	26.6860008239746	28.5599994659424	25.8059997558594
65	C022.1	29.9099998474121	24.7609996795654	25.7849998474121	27.7779998779297	23.2679996490479	26.9699993133545	30.5799999237061	29.1380004882812	NA	28.5799999237061	24.7639999389648	32.1419982910156	28.6569995880127	25.939539	23.8299999237061	NA	21.827173	NA	NA	NA	26.423999786377	27.1079998016357	22.0610008239746	23.5020008087158	NA	23.094685	26.799753	34.667233	30.746000289917	28.4890003204346	23.667953	27.693000793457	22.9729995727539	28.458382	24.7900009155273	24.8689994812012	33.9090003967285	25.1609992980957	26.386999130249	26.5069999694824	28.2700004577637	26.0499992370605
66	C022.2	29.2530002593994	24.7070007324219	25.6389999389648	28.3320007324219	23.3309993743896	27.3229999542236	NA	29.0669994354248	30.9950008392334	28.7259998321533	24.6700000762939	NA	28.8719997406006	26.141327	23.5370006561279	30.9950008392334	21.951262	33.4379997253418	NA	NA	26.8780002593994	27.1879997253418	22.2789993286133	23.492000579834	NA	NA	26.336716	NA	30.5349998474121	28.4780006408691	NA	NA	22.8479995727539	28.061357	24.7609996795654	24.6490001678467	NA	25.2560005187988	26.5310001373291	26.5849990844727	28.3729991912842	25.9780006408691
67	C023	32.492000579834	24.5069999694824	25.9150009155273	27.1760005950928	25.5729999542236	28.5279998779297	31.8439998626709	30.9669990539551	NA	31.7770004272461	24.5830001831055	32.1419982910156	28.7430000305176	26.58942	24.1889991760254	NA	22.621788	NA	NA	32.166004	26.2159996032715	28.5590000152588	23.0189990997314	23.5009994506836	NA	NA	28.132883	NA	NA	29.5349998474121	21.25981	NA	23.6860008239746	NA	24.9759998321533	25.5909996032715	37.2719993591309	22.2700004577637	23.2199993133545	28.4839992523193	31.6110000610352	26.9500007629395
68	C023.1	NA	24.617000579834	26.0890007019043	27.3020000457764	25.5890007019043	28.8700008392334	31.3530006408691	31.7549991607666	30.1919994354248	31.3339996337891	24.4759998321533	32.6389999389648	28.6319999694824	26.628214	23.9689998626709	30.1919994354248	22.292746	NA	NA	NA	26.3819999694824	28.2119998931885	22.9389991760254	23.6000003814697	NA	24.01162	27.852276	31.344553	33.2519989013672	30.1159992218018	19.885992	29.7870006561279	23.6909999847412	27.735065	24.9479999542236	25.4860000610352	NA	22.3020000457764	23.238000869751	28.5690002441406	30.8169994354248	27.05299949646
69	C023.2	32.4679985046387	24.3579998016357	25.8929996490479	27.2469997406006	25.4549999237061	29.1100006103516	31.9890003204346	31.4179992675781	31.9360008239746	31.3279991149902	24.57200050354	NA	28.1830005645752	26.58711	24.1760005950928	31.9360008239746	22.087112	NA	30.845226	NA	26.3540000915527	27.9120006561279	23.0669994354248	23.4939994812012	NA	24.228506	NA	27.004263	31.2059993743896	29.9349994659424	NA	29.257999420166	23.6380004882812	28.049067	25.1159992218018	25.7080001831055	36.0410003662109	22.3099994659424	23.2549991607666	28.6840000152588	31.0970001220703	27.2970008850098
73	C025	30.9389991760254	27.1790008544922	26.6870002746582	28.8740005493164	26.4750003814697	29.7530002593994	32.3479995727539	32.5550003051758	30.6909999847412	31.9629993438721	27.6809997558594	33.8870010375977	29.9689998626709	29.803343	26.492000579834	30.6909999847412	25.066708	NA	NA	NA	28.7700004577637	30.4909992218018	25.5090007781982	26.5219993591309	NA	25.247732	28.899721	34.701027	NA	33.1040000915527	25.269966	30.4370002746582	26.4130001068115	31.419947	27.5620002746582	27.8110008239746	NA	25.7019996643066	26.617000579834	29.5979995727539	33.2980003356934	29.25
74	C025.1	30.4930000305176	26.9950008392334	26.5359992980957	29.2929992675781	26.3430004119873	NA	NA	NA	31.0270004272461	32.3810005187988	27.6100006103516	NA	29.8360004425049	NA	26.318000793457	31.0270004272461	24.922731	NA	30.87152	NA	28.6979999542236	30.5359992980957	25.4479999542236	26.2350006103516	NA	25.3793	28.200743	NA	33.443000793457	NA	24.51938	30.673999786377	25.8290004730225	NA	27.8649997711182	27.75	38.4129981994629	25.5750007629395	26.0890007019043	29.3059997558594	32.8160018920898	28.7070007324219
75	C025.2	31.0209999084473	26.8689994812012	26.3470001220703	29.507999420166	26.4640007019043	29.931999206543	31.8090000152588	NA	30.6049995422363	32.5499992370605	27.7509994506836	NA	30.2369995117188	29.667084	26.2980003356934	30.6049995422363	24.883987	NA	30.87367	34.256733	29.1830005645752	30.2929992675781	25.5650005340576	25.9939994812012	NA	25.12407	28.389433	32.66245	33.3540000915527	NA	24.526707	29.9389991760254	25.7119998931885	30.149181	27.5729999542236	27.7199993133545	NA	25.5860004425049	26.201000213623	NA	33.6230010986328	28.9309997558594
