SAMPLE	AIM2	CTLA4	EOMES	FOXP3	IFIH1	IL10	IL17A	IL17F	IL22	IL4	INFG	OAS2	PI3	PYCARD	TIGIT2
1	P018_72h	0.075120	 0.059334	 1.551	 1.104000	0.753000	 1.175000	NA	NA	NA	NA	0.000142	0.570	NA	147.203	 1.095
2	P018_PMA	0.469000	 0.867000	 0.751	 0.989000	0.734000	 0.797000	0.432	3.038	0.656	2.703	0.920000	0.741	NA	  6.512	 3.016
3	P018_SEB	0.380000	 5.856000	 3.503	16.753000	1.837000	26.940000	3.754	100.589	1.458	7.923	0.374000	2.879	NA	 56.807	 3.505
4	P019_72h	0.412000	 0.033508	 1.283	 0.491000	2.386000	NA	NA	NA	NA	NA	0.000385	0.696	NA	137.791	 3.057
5	P019_PMA	1.505000	 1.378000	 1.720	 0.002539	0.879000	 1.352000	2.482	7.915	3.046	96.581	1.805000	0.265	NA	  1.635	 3.356
6	P019_SEB	0.728000	 1.676000	 1.959	 5.298000	2.516000	 6.960000	0.148	57.613	3.437	25.147	0.363000	1.287	NA	 71.243	 5.365
7	P020_72h	0.082336	 0.064600	 1.737	 0.621000	0.974000	 1.439000	NA	NA	NA	NA	0.000098	0.804	NA	134.023	 1.355
8	P020_PMA	0.849000	 2.488000	 2.083	 1.635000	0.393000	 1.359000	12.475	12.726	14.908	12.389	1.482000	0.639	NA	  1.762	 1.259
9	P020_SEB	0.698000	 5.611000	 3.485	14.805000	1.536000	16.216000	4.338	135.205	6.979	3.694	0.451000	3.190	NA	 60.913	 4.610
10	P021_72h	0.296000	 0.067218	 8.290	 0.276000	1.638000	 1.052000	NA	NA	NA	NA	0.000601	1.243	NA	148.090	 5.440
11	P021_PMA	0.904000	 1.452000	 5.670	 2.164000	0.533000	 1.935000	41.807	79.746	26.143	17.782	5.439000	0.466	NA	  1.286	 3.087
12	P021_SEB	0.397000	 1.124000	 9.600	 3.265000	1.800000	 0.758000	0.734	35.408	5.376	6.647	0.356000	3.075	NA	 47.242	12.286
13	P022_72h	0.132000	 0.044194	 1.530	 1.062000	0.854000	 0.927000	NA	NA	NA	NA	0.000018	0.906	NA	144.641	 1.278
14	P022_PMA	1.089000	 0.797000	 1.757	 2.820000	0.497000	 3.477000	15.663	12.039	8.842	3.235	0.752000	0.436	NA	NA	 1.540
15	P022_SEB	0.414000	 4.721000	 2.071	 9.996000	1.277000	 0.106000	5.774	74.698	2.792	1.688	0.441000	1.961	NA	 93.313	 2.235
16	P023_72h	0.146000	 0.040367	 1.127	 0.402000	0.902000	 3.865000	NA	NA	NA	NA	NA	1.281	NA	129.099	 1.033
17	P023_PMA	0.979000	 1.627000	 0.805	 1.250000	0.338000	 3.772000	16.093	7.382	4.556	2.663	0.625000	0.531	0.510	  0.486	 1.157
18	P023_SEB	0.526000	 3.530000	 1.808	 9.811000	1.617000	 3.619000	2.305	77.583	5.885	0.708	0.802000	3.031	NA	 60.758	 2.257
19	P024_72h	0.026923	 0.021359	 1.228	 0.187000	0.492000	 2.659000	NA	NA	NA	NA	0.000168	0.450	NA	204.837	 0.646
20	P024_PMA	0.382000	 0.513000	 0.520	 1.384000	0.826000	 0.327000	1.394	1.094	0.464	4.855	1.323000	0.922	NA	  4.770	 1.442
21	P024_SEB	0.524000	 3.453000	 4.188	11.680000	1.640000	 8.196000	3.350	51.280	0.394	10.746	0.179000	2.394	NA	 75.636	 2.424
22	P025_72h	0.089353	 0.113000	 1.789	 1.919000	0.660000	 1.197000	0.000412	0.000757	NA	NA	0.000085	0.588	NA	118.740	 0.969
23	P025_PMA	0.997000	 2.620000	 2.390	 1.393000	0.445000	 3.726000	4.495	7.272	1.690	9.492	1.587000	0.533	NA	  2.127	 1.766
24	P025_SEB	1.013000	11.538000	 4.779	28.181000	1.429000	 8.586000	4.003	47.946	1.111	6.057	0.259000	3.496	NA	 99.618	 3.077
25	P026_72h	0.050415	 0.031199	 1.245	NA	0.530000	 1.883000	NA	NA	NA	NA	0.000097	0.643	NA	177.417	 0.849
26	P026_PMA	0.486000	 0.697000	 0.680	 0.404000	0.535000	 0.564000	1.257	2.222	0.305	2.939	0.704000	0.615	NA	  1.593	 0.760
27	P026_SEB	0.366000	 5.666000	 3.917	 8.660000	1.784000	22.182000	3.364	118.466	1.846	2.540	0.984000	2.862	NA	 52.189	 2.132
28	P027_72h	0.058490	 0.039894	 0.394	 0.387000	0.540000	 3.306000	NA	NA	NA	NA	0.000087	0.569	NA	393.713	 0.731
29	P027_PMA	0.875000	 1.160000	 1.264	 1.423000	0.438000	 1.786000	3.453	4.072	NA	12.452	0.432000	0.639	NA	  2.526	 1.100
30	P027_SEB	1.252000	10.793000	 3.840	19.612000	1.059000	20.981000	3.003	53.199	0.806	10.166	0.238000	3.400	NA	 97.478	 2.537
31	P028_72h	0.168000	 0.127000	 1.864	 1.093000	0.867000	 0.739000	NA	NA	NA	NA	0.000234	0.845	NA	 89.781	 2.380
32	P028_PMA	1.059000	 3.317000	 2.028	 2.416000	0.386000	 2.566000	23.796	38.926	3.234	11.724	2.859000	0.456	0.513	  1.251	 2.587
33	P028_SEB	0.968000	 8.503000	 4.374	22.487000	1.290000	18.439000	7.396	184.439	2.039	5.491	1.110000	2.875	NA	 66.548	 4.694
34	P029_72h	0.135000	 0.031980	 1.153	 0.283000	0.135000	 3.087000	NA	NA	NA	NA	NA	0.385	NA	169.483	 0.723
35	P029_PMA	1.315000	 2.439000	 2.764	 4.468000	0.359000	 5.134000	12.542	5.254	4.067	14.706	0.728000	0.551	NA	  2.084	 2.389
36	P029_SEB	0.666000	 5.547000	 6.528	16.645000	1.550000	 7.783000	0.835	22.513	0.474	5.243	0.436000	2.246	NA	 54.935	 3.738
37	P030_72h	0.181000	 0.071645	 2.518	 0.778000	0.500000	 3.307000	0.002173	NA	NA	NA	0.000070	0.738	0.056153	236.058	 1.191
38	P030_PMA	1.219000	 2.274000	 3.275	 2.616000	NA	 3.941000	6.950	NA	NA	18.366	NA	0.585	NA	  1.309	 1.842
39	P030_SEB	0.991000	 5.517000	 4.288	14.032000	1.446000	11.824000	0.802	25.872	2.382	9.215	0.516000	2.748	NA	 52.710	 4.043
40	P031_72h	0.121000	 0.031848	 3.061	 0.436000	0.503000	 2.703000	NA	NA	NA	NA	0.000061	0.484	NA	293.049	 0.954
41	P031_PMA	1.411000	 2.792000	 7.852	 4.976000	0.383000	 2.336000	17.456	10.012	5.882	5.551	0.783000	0.583	NA	  2.830	 3.297
42	P031_SEB	0.879000	 7.987000	14.554	17.488000	1.651000	 7.815000	4.789	144.107	7.423	3.705	1.166000	3.371	NA	 73.908	 5.715
43	P032_72h	0.098801	 0.042807	 0.942	 1.272000	0.369000	 0.693000	NA	NA	NA	NA	NA	0.499	NA	150.331	 0.896
44	P032_PMA	1.192000	 1.448000	 1.250	 1.714000	0.378000	 1.776000	7.983	6.313	9.573	17.639	1.056000	0.516	NA	  1.703	 2.132
45	P032_SEB	0.743000	 4.235000	 4.795	14.949000	1.219000	27.928000	3.821	75.557	3.181	12.406	NA	2.184	NA	 65.390	 2.794
46	P033_72h	0.062025	 0.083543	 4.086	 0.495000	0.410000	 2.796000	0.00403	NA	NA	NA	0.000105	1.007	NA	133.343	 2.899
47	P033_PMA	1.981000	 5.327000	 4.133	 2.189000	0.215000	 5.517000	NA	1.350	3.263	8.521	0.912000	0.654	NA	  1.495	 4.091
48	P033_SEB	0.937000	17.753000	 7.144	26.809000	NA	13.114000	8.301	49.328	1.577	3.032	1.029000	6.593	NA	102.206	 7.640
49	P034_72h	0.059499	 0.051344	 1.898	 0.367000	0.451000	 2.071000	NA	NA	0.011159	NA	0.000101	0.647	NA	178.692	 0.912
50	P034_PMA	0.881000	 2.602000	 3.160	 1.049000	0.348000	 4.635000	2.676	2.977	1.782	4.102	0.758000	0.632	0.320	  3.066	 2.795
51	P034_SEB	0.742000	11.096000	 5.181	13.688000	1.080000	18.992000	9.372	138.333	1.852	1.925	0.408000	3.496	0.018646	 81.666	 3.291
52	P035_72h	0.065835	 0.076929	 1.744	 0.857000	0.228000	 3.043000	NA	NA	NA	NA	0.000091	1.298	NA	180.268	 1.024
53	P035_PMA	0.773000	 2.176000	 1.335	 1.911000	NA	 1.573000	7.031	NA	NA	NA	NA	0.895	NA	NA	 2.014
54	P035_SEB	NA	 7.310000	 3.725	14.776000	NA	13.049000	3.008	NA	2.038	6.806	NA	NA	NA	 64.527	 3.224
55	P1_72h	0.105000	 0.191000	 2.115	 1.402000	3.069000	37.074000	NA	NA	NA	NA	0.000026	1.385	NA	318.099	 1.752
56	P1_PMA	3.811000	10.676000	 2.284	 8.764000	0.856000	10.488000	159.050	53.855	111.199	7.313	1.092000	0.766	NA	  2.289	 4.460
57	P1_SEB	1.712000	41.432000	 2.691	75.549000	3.830000	 7.586000	20.205	295.292	16.534	1.695	0.781000	4.505	NA	158.463	 8.546
58	P10_72h	0.081447	 0.118000	 4.204	 0.612000	1.191000	 6.278000	NA	NA	NA	NA	NA	0.866	NA	173.245	 1.811
59	P10_PMA	1.456000	 3.722000	 2.018	 2.160000	NA	 1.409000	2.502	0.202	1.303	28.029	0.380000	0.668	NA	NA	 2.743
60	P10_SEB	1.923000	17.061000	14.524	22.409000	NA	25.557000	9.781	55.967	1.219	12.935	0.279000	2.625	NA	 93.658	 3.577
61	P11_72h	0.265000	 0.259000	 4.655	 1.550000	1.825000	 9.492000	NA	0.004101	NA	NA	0.000052	1.542	NA	228.175	 2.348
62	P11_PMA	1.275000	 4.601000	 2.421	 1.285000	1.148000	 4.939000	3.947	1.071	11.906	43.972	0.388000	0.771	NA	  4.544	 2.865
63	P11_SEB	2.716000	26.477000	 8.766	26.655000	NA	15.398000	2.309	17.472	1.073	22.761	0.122000	3.485	NA	105.031	 3.258
64	P12_72h	0.233000	 0.088716	 2.911	 0.714000	NA	 4.268000	0.001031	0.00111	NA	NA	0.000122	1.233	0.068885	102.253	 1.337
65	P12_PMA	5.409000	16.431000	25.200	14.221000	1.222000	15.956000	99.802	36.319	16.111	8.135	1.790000	1.564	NA	  4.705	 6.238
66	P12_SEB	1.047000	11.554000	19.058	46.602000	2.999000	18.804000	2.504	71.473	9.202	10.779	0.122000	4.023	NA	 41.346	 8.344
67	P13_72h	0.369000	 0.125000	 2.318	 1.075000	1.477000	 1.396000	NA	0.001758	0.049848	NA	0.000155	1.088	NA	143.310	 1.090
68	P13_PMA	1.952000	 2.728000	 3.737	 1.479000	0.993000	 2.957000	10.605	4.677	27.499	16.162	1.443000	1.205	NA	NA	 1.645
69	P13_SEB	1.247000	13.260000	 6.246	11.332000	2.600000	39.937000	6.613	81.713	13.485	5.685	0.739000	3.898	NA	 57.947	 2.424
70	P14_72h	0.105000	 0.113000	 3.313	 0.725000	1.736000	 7.948000	NA	NA	NA	NA	0.000290	1.464	NA	171.294	 1.417
71	P14_PMA	NA	NA	NA	NA	NA	NA	NA	NA	NA	NA	NA	NA	NA	NA	NA
72	P14_SEB	1.115000	28.827000	12.224	28.417000	3.669000	31.147000	12.987	104.740	8.299	10.565	1.029000	4.508	0.00484	 55.909	 3.996
73	P15_72h	0.157000	 0.175000	 1.605	 0.691000	NA	 4.996000	NA	NA	NA	NA	0.000085	0.825	NA	152.835	 0.818
74	P15_PMA	2.381000	 6.043000	 3.694	 5.380000	0.963000	 7.173000	15.225	3.712	NA	37.674	NA	1.381	NA	  3.180	 2.400
75	P15_SEB	1.480000	21.156000	 6.587	48.302000	NA	30.967000	9.208	NA	0.589	9.830	0.329000	NA	NA	 73.432	 5.124
76	P16_72h	0.265000	 0.193000	 8.276	 2.447000	1.239000	 2.286000	NA	NA	NA	NA	0.000135	1.989	NA	123.983	 2.944
77	P16_PMA	2.062000	 5.459000	 5.878	 2.293000	0.094132	 7.815000	16.768	NA	23.431	6.635	2.431000	1.224	NA	  1.121	 3.528
78	P16_SEB	1.682000	12.933000	14.367	35.302000	3.437000	45.580000	15.638	133.713	22.816	4.654	1.298000	5.972	NA	 59.700	 7.390
79	P17_72h	0.303000	 0.174000	 3.671	 0.779000	NA	 8.838000	NA	0.009632	NA	NA	NA	1.129	NA	157.732	 1.303
80	P17_PMA	2.250000	 9.164000	 3.162	 6.111000	1.468000	 7.521000	14.588	13.071	16.227	9.739	2.135000	0.876	NA	  1.351	 2.624
81	P17_SEB	1.587000	16.854000	 6.064	35.318000	4.703000	43.082000	9.729	221.731	25.451	7.624	0.615000	6.664	NA	 56.454	 6.351
82	P2_72h	0.217000	 0.134000	 4.738	 1.467000	2.012000	 1.524000	NA	NA	NA	NA	0.000136	0.915	0.218	132.728	 2.192
83	P2_PMA	1.626000	 3.449000	 5.478	 2.683000	0.921000	 1.689000	3.960	3.013	14.045	21.910	1.014000	0.599	NA	  2.540	 3.072
84	P2_SEB	1.039000	12.936000	 8.009	 9.913000	2.777000	23.670000	0.926	19.085	6.823	8.406	0.380000	2.156	0.009803	 86.742	 4.647
85	P3_72h	0.078093	 0.053611	 0.613	 0.391000	1.626000	 3.953000	NA	NA	NA	NA	0.000197	0.218	NA	350.110	 0.472
86	P3_PMA	NA	NA	NA	NA	NA	NA	NA	NA	NA	NA	NA	NA	NA	NA	NA
87	P3_SEB	1.445000	13.208000	 1.876	15.835000	3.773000	16.541000	5.016	415.489	1.844	22.656	1.142000	2.036	NA	 97.613	 3.378
88	P4_72h	0.380000	 0.300000	 5.130	 1.563000	2.156000	15.327000	NA	0.010483	NA	NA	0.000063	1.488	NA	162.579	 2.407
89	P4_PMA	2.915000	 9.424000	 5.381	 3.711000	1.013000	 8.009000	111.148	34.711	76.586	16.574	2.988000	0.778	NA	NA	 4.206
90	P4_SEB	2.026000	25.334000	12.539	53.359000	4.491000	28.800000	2.857	42.518	5.006	14.515	0.313000	4.934	0.006803	 58.892	11.554
91	P5_72h	0.084416	 0.084222	 1.315	 0.837000	2.127000	10.028000	NA	NA	NA	NA	0.000077	1.117	NA	342.035	 0.884
92	P5_PMA	0.381000	 0.474000	 0.227	 0.361000	1.625000	 1.616000	0.350	0.544	0.813	1.953	0.102000	1.089	1.819	 10.470	 1.357
93	P5_SEB	1.247000	38.648000	 5.257	28.110000	3.459000	11.862000	41.633	114.722	8.519	7.608	0.653000	3.959	NA	203.469	 5.631
94	P6_72h	0.108000	 0.040978	 1.570	 0.351000	1.263000	 3.646000	NA	NA	NA	NA	0.000055	0.824	NA	167.343	 1.398
95	P6_PMA	1.432000	 1.907000	 0.800	 1.562000	0.892000	 2.426000	0.778	0.709	0.645	10.407	0.490000	0.609	NA	  3.268	 1.341
96	P6_SEB	1.026000	19.041000	 5.399	12.805000	2.691000	12.289000	4.840	45.738	2.993	7.827	0.248000	2.481	NA	114.431	 3.113
97	P7_72h	0.608000	 0.177000	 8.409	 1.833000	1.867000	 0.860000	NA	NA	NA	NA	0.000048	2.375	NA	 80.263	 4.232
98	P7_PMA	2.228000	 4.050000	 7.844	 4.093000	1.036000	 4.682000	142.881	138.046	198.363	53.378	3.755000	0.624	NA	  0.746	 2.581
99	P7_SEB	1.670000	12.332000	18.905	37.870000	4.862000	64.044000	7.055	136.744	47.824	14.549	1.550000	5.161	NA	 57.123	10.684
100	P8_72h	0.399000	 0.585000	 8.944	 3.209000	1.344000	 7.853000	NA	NA	NA	NA	NA	1.425	NA	204.600	 3.533
101	P8_PMA	2.915000	 9.082000	 2.424	 9.105000	0.673000	 8.276000	20.061	7.870	17.659	29.415	0.415000	0.606	NA	  2.797	 4.761
102	P8_SEB	1.983000	26.508000	 8.384	40.206000	NA	 3.970000	12.252	154.236	15.996	7.547	0.169000	3.731	NA	127.734	 8.250
103	P9_72h	0.638000	 0.634000	 6.846	 3.326000	2.351000	 2.344000	NA	0.136	NA	NA	0.000239	1.720	NA	109.668	 2.781
104	P9_PMA	4.534000	10.222000	 5.930	 6.805000	1.057000	16.363000	39.735	18.861	21.741	17.123	1.079000	0.657	NA	  2.037	 1.887
105	P9_SEB	2.377000	24.045000	13.645	41.308000	3.832000	40.095000	8.612	82.101	8.301	13.950	0.776000	5.477	NA	109.314	 6.216
