SAMPLE	AIM2	CASP1	CCL2	CCL20	CCL27	CCL5	CCL5I	CTLA4	CXCL1	CXCL10	CXCL2	DEFB1	EOMES	FOXP3	IFIH1	IFNAR1	IFNG	IFNGR	IL10	IL17A	IL17F	IL1b	IL1F6	IL1RN	IL20RA	IL22	IL22RA1	IL22RA2	IL26	IL8b	KLRK1	LCN2	MICB	NLRP1	NLRP3	PI3	PYCARD	REG3A	S100A8	S100A9	TNF	TRGC1	WIPI1
1	VH001	  3.530810	21.461302	15.948332	0.067032266	125.53970	 9.933709	NA	 9.391356	0.0010804385	  5.4875619	0.0050570103	32.12592	1.7100042	11.214808	23.452102	0.9012501	  5.4875619	1.0814513	0.97749755116540704	0.13935551397026535	#DIV/0!	0.05761814	 66.48695	 61.52069	 9.128215	#DIV/0!	 6.712575	31.320529	0.73226901647285392	4.2137877323725776E-3	 26.59346	0.0476837880	0.15541167	18.588422	5.5015323	0.04374208	 40.81421	#DIV/0!	 4.6610854	 1.97565794	14.224763	 45.333309	30.795897
2	VH003	  5.459113	22.517909	12.533069	0.018635111	 81.74170	12.775731	NA	59.755544	0.0011522484	 52.6489874	0.0113604666	72.00376	3.1419661	30.781677	11.938292	1.0638791	 52.6489874	0.6761840	#DIV/0!	#DIV/0!	#DIV/0!	0.04069047	 83.74901	 28.50218	 8.756376	#DIV/0!	11.099136	14.617302	1.4243552258047789	1.2257911689521572E-4	 63.66819	0.0022637157	0.21882255	12.602750	0.7010590	0.11927255	 33.64532	341.91641117196286	 0.6915958	 0.12712617	 5.533403	 44.698894	36.928632
3	VH004	  7.216670	20.492167	11.434601	0.011454035	250.03748	 9.801484	NA	48.947620	0.0010075034	 23.5066979	0.0043815819	22.83222	9.0358926	42.361073	10.161774	0.6657257	 23.5066979	0.4786681	0.62128720131410586	#DIV/0!	#DIV/0!	0.03446638	 39.47864	 35.25281	 5.606112	#DIV/0!	15.962194	 4.891976	7.9407995543661652E-2	3.4110441057434579E-4	 99.98684	0.0031386146	0.23154011	14.045148	0.1243283	0.10849251	 31.22580	636.05161933418799	 1.1167709	 0.91151226	21.195224	178.527172	14.757061
4	VH005	 13.339809	19.368848	 9.426141	0.025790792	382.59311	 8.689860	NA	17.361654	0.0005816073	 73.9767141	0.0004754232	50.07434	1.4404308	25.536682	 7.337221	0.9908002	 73.9767141	0.8419831	#DIV/0!	#DIV/0!	#DIV/0!	0.10913349	 40.18263	 44.08857	 8.821356	2.8952362174465871E-2	 3.770775	19.955366	0.62243720554688853	1.5042515120872781E-4	 12.34054	0.0005000828	0.11744036	21.411781	1.1091547	0.15542961	 41.75855	283.62311021900001	 2.8056461	 0.63185534	18.627128	 51.517831	18.281770
5	VH006	  1.795642	23.851364	 9.471984	0.265171825	226.70400	23.664717	NA	31.614170	0.0009333242	  2.2371561	0.0030950229	35.19583	7.5509962	30.746130	15.905253	0.9229555	  2.2371561	0.8998311	0.4477710087932415	#DIV/0!	#DIV/0!	0.21839322	 40.86139	 49.84348	10.865374	#DIV/0!	16.097714	33.339153	0.78573645226380051	1.4076455648663999E-3	 52.84394	0.0022510213	0.10751920	12.631897	2.2467261	0.07733861	 56.33656	54.342121551432818	 4.5116849	 2.04674751	18.349470	103.584636	14.821989
6	VH007	  5.105314	25.830440	 9.985496	0.048260920	180.85209	44.426021	NA	73.848671	0.0014282855	129.2182324	0.0102161785	28.23995	5.4496641	30.361412	18.703641	0.9302346	129.2182324	0.8429443	2.0774787643282453	#DIV/0!	#DIV/0!	0.08361084	115.20019	 35.33435	 6.414484	2.4522709138685337	14.045139	37.927894	0.27865485647731753	2.6066766815442048E-4	 84.78086	0.0111903376	0.21178420	 7.455644	2.1858426	0.32167302	 41.52763	2574.361553132881	 5.8644659	 5.90798799	27.334794	 82.433910	18.515561
7	VH009	  3.811429	29.637095	10.319731	0.034963644	199.46609	10.802795	NA	22.251540	0.0004304102	 47.2529492	0.0025337673	39.72568	1.3491027	17.810621	20.777284	1.2457372	 47.2529492	0.7397005	0.18113858359374624	0.018226	#DIV/0!	0.22471478	 42.00044	 48.90802	12.743292	#DIV/0!	19.669840	29.298187	8.4092375607508818E-2	7.4009568620311643E-4	 45.93958	0.0042979944	0.09842484	15.551688	0.2521949	0.19175456	 26.64267	569.61069944526321	 3.9742053	 2.19213012	18.269089	 81.779387	16.419438
8	VH010	  9.277051	31.625143	15.273946	0.012467644	261.92308	15.569669	NA	11.790065	0.0002052493	 49.3393189	0.0172690581	35.10649	2.7371356	22.259253	18.358429	1.2532435	 49.3393189	0.7535935	0.51566206000445169	#DIV/0!	#DIV/0!	0.06278222	 72.29544	 46.72102	10.241344	#DIV/0!	20.276361	27.333444	1.4952050467204687	1.5051970455651812E-3	 75.00941	0.0011866008	0.08980875	18.222718	0.4780398	0.18815590	 36.67351	4219.4317732797726	 0.6185663	 0.68002804	18.159675	143.343589	22.403723
9	VH011	  2.549120	18.532688	22.832245	0.020712805	147.47569	11.194094	NA	29.361088	0.0015426933	  2.5526568	0.0054975328	17.21586	2.8612933	18.502738	 8.979857	0.6339026	  2.5526568	0.6711354	0.2689044400134486	0.027952	0.43506992407790041	0.11924490	 63.99999	 37.02257	 4.149679	0.76164037301367271	 5.478871	 5.235074	2.5550848359496192	1.2210455203710713E-3	 34.76748	0.0169185026	0.07680442	 9.830970	1.0870544	0.71764058	 32.95289	13.325942628653371	46.6886638	39.84518396	12.891366	125.655709	15.827191
10	VH012	  2.926818	23.419965	42.932592	0.130067580	159.12317	 8.817279	NA	 7.755215	0.0051513528	  2.0883060	0.0174414802	37.52203	3.1608968	16.564234	 6.653567	0.9401744	  2.0883060	0.9037761	#DIV/0!	#DIV/0!	#DIV/0!	0.20457007	 89.63563	 27.86404	 8.378353	#DIV/0!	10.424854	25.208227	1.9627767508173593	2.8123646617074691E-3	 23.92311	0.0060783323	0.06007880	13.529154	1.6596315	0.23304278	 32.21514	103.30969367497131	 1.9453091	 1.78015119	35.212120	 51.577371	20.768631
11	VH013	 17.973926	24.927516	 8.641814	0.195919674	211.27817	 4.466054	NA	 8.277339	0.0015384223	  2.7038213	0.0051543275	39.44218	1.1348496	 9.162028	 9.078472	1.1712104	  2.7038213	0.9355218	#DIV/0!	#DIV/0!	0.37435177988441476	0.09113615	 53.29765	 44.99418	10.775380	1.0682676737797918	19.823036	16.239285	0.10275756535692629	1.0468946188677902E-3	 31.17535	0.0032193575	0.07631799	14.247795	1.0464663	0.20537517	 29.46643	155.39883590292823	 0.8249243	 1.66901930	21.725750	 48.251407	16.625599
12	VH014	146.677066	22.171993	11.109075	0.011539049	188.66286	 9.348059	NA	16.918162	0.0010975477	 21.4266291	0.0255889683	37.87043	2.7361877	 6.611600	13.240148	0.9100388	 21.4266291	0.6228565	#DIV/0!	#DIV/0!	#DIV/0!	0.08265997	 29.91921	 27.77407	 9.352378	#DIV/0!	 5.887983	12.847391	1.0971793157792509	1.6219296817105219E-4	 47.60365	0.0018274882	0.14365361	13.400049	3.0515245	0.04896292	 27.10211	9338.6577739953445	 0.4038803	 0.06097376	14.818561	113.903295	19.814710
13	VH015	  3.674801	22.187359	10.857850	0.027571720	 81.19577	 8.076136	NA	17.514770	0.0009245249	  2.3858446	0.0107117157	17.59385	2.9471765	24.045025	21.753839	1.4889888	  2.3858446	1.3115054	#DIV/0!	#DIV/0!	#DIV/0!	1.33083605	 42.22425	 40.71061	17.116703	#DIV/0!	19.391634	33.621934	6.8592466548823108	9.1343778381114822E-5	 25.93808	0.0347283369	0.12709682	10.951066	1.7156972	0.14602964	 30.51260	132.25384634250514	 7.3546987	 3.92674262	12.478157	 45.738344	16.772198
14	VH016	  6.874876	18.302895	17.331619	0.121609951	 62.26429	 4.734898	NA	25.797637	0.0014110647	  7.9227381	0.0134367908	29.74001	0.5637005	44.068211	 7.545658	1.1121366	  7.9227381	1.1653788	0.47291921133186016	#DIV/0!	#DIV/0!	1.06831180	 46.37686	 72.97515	17.716229	1.0685204374818682	16.482795	64.333889	6.2635533380350514	4.2489825152666688E-3	 18.29444	0.0131608973	0.06255783	10.049140	1.5918249	0.41094028	 30.87426	151.60418177525386	20.6251679	27.75482340	13.807053	 10.541440	16.245861
15	VH017	  3.558243	25.158946	 8.718018	0.064005185	227.14967	 7.509237	NA	 9.863962	0.0008446650	 18.8239777	0.0054702929	31.71293	1.2603562	 9.519153	 6.018101	0.8504704	 18.8239777	0.5231572	#DIV/0!	#DIV/0!	211377.19513872996	0.02710118	 44.14976	 38.76456	 5.430804	#DIV/0!	16.261244	 4.145103	0.46322522136841177	5.6661853386039628E-4	 57.16920	0.0033377406	0.27509444	12.285057	3.5307472	0.14572633	 22.70598	1321.9941466521614	 1.2628352	 1.03921900	13.632700	 38.809351	15.408626
16	VH018	  9.126111	16.818765	 8.746268	0.049744013	445.61884	 9.628651	NA	88.534467	0.0010320060	 45.6803099	0.0101023361	47.14392	3.1850889	45.907790	25.768154	1.0553096	 45.6803099	0.8712772	2.3069691930641096	#DIV/0!	#DIV/0!	0.03026932	129.14371	 75.07876	 7.833551	1.0117412853214245	20.357927	35.843412	0.69304491340941377	4.7334098055745245E-4	 51.26847	0.0047112374	0.19045210	 4.146327	8.1255394	0.06332856	120.00915	293.3883289481812	 3.2844841	 2.61534285	23.928662	 78.484335	19.049317
17	VT001	  9.773207	22.187349	16.990626	0.014363000	145.37808	 9.010864	NA	13.740214	0.0009183503	  5.7944260	0.0154419442	30.64684	1.1344551	16.306033	 5.549605	0.7666637	  5.7944260	0.9438030	#DIV/0!	#DIV/0!	0.029218	0.24148394	 11.00052	 47.76336	15.323418	#DIV/0!	 8.550174	42.858379	3.0837829170077704	1.3366457337736783E-3	 47.22021	0.0078147054	0.09395836	15.871124	4.6566293	0.05029873	 29.05402	999.34101687227121	 1.4093206	 0.45354995	13.547918	 39.178742	17.528936
18	VT003	  3.766550	12.555469	14.002165	0.020845941	 91.30217	 5.296025	NA	11.613604	0.0002198403	  9.5372751	0.0039100698	34.53316	1.3683253	14.455810	 6.113090	0.9201309	  9.5372751	0.7135661	#DIV/0!	#DIV/0!	#DIV/0!	0.32652015	 27.83659	106.56404	14.365909	#DIV/0!	 9.511208	15.820953	0.42055368903022072	1.0782511312113106E-3	 35.88338	0.0082160484	0.06586143	10.214718	2.2019233	0.09411560	 17.01314	105.25495960636741	 7.9094496	 2.74393010	16.724730	 67.410889	 8.919182
19	VT004	  4.444947	17.557301	16.931845	0.001547691	211.13167	69.953925	NA	33.579293	0.0005715498	  0.9414779	0.0002779924	26.56889	5.0770842	37.112489	 6.582742	0.7345840	  0.9414779	0.5777631	#DIV/0!	#DIV/0!	#DIV/0!	0.07345478	 52.41833	 46.15237	 4.826574	#DIV/0!	 9.520688	 4.178388	2.0392834596098068	4.6293462459211156E-5	 23.17771	0.0008867585	0.09304031	 9.982029	0.2995407	0.03645683	 37.17686	386.7257026609517	 0.5274719	 0.14068095	24.990937	100.763745	16.733490
20	VT005	  3.167476	13.896665	 5.317204	0.038535534	199.46618	 5.633379	NA	13.178986	0.0002102170	  2.0943468	0.0040617952	25.84237	1.2822412	15.108975	 4.073527	1.0480203	  2.0943468	0.8671845	#DIV/0!	#DIV/0!	#DIV/0!	0.14645206	 37.34907	 39.52427	 7.766871	#DIV/0!	17.071256	15.252385	0.11364710243412568	2.0753850444967298E-4	 20.77341	0.0020992181	0.10739513	13.724355	0.4260019	0.03865147	 32.03698	269.56688110103158	 1.0787301	 0.38582015	11.068086	 29.422205	16.355078
21	VT006	  1.853604	21.640572	 4.657859	0.005494988	178.56832	 7.058359	NA	11.681606	0.0006937324	  0.8445960	0.0058325113	31.31971	2.1475125	22.331362	 7.399925	0.9253041	  0.8445960	0.7300357	0.38408493927775134	#DIV/0!	#DIV/0!	0.03633910	 53.68076	 52.73416	10.451708	#DIV/0!	15.064964	19.964803	0.24026706258015701	1.6717734850872393E-4	 18.59272	0.0030858268	0.07176046	 7.087773	0.7981527	0.11444024	 34.36019	301.67121947386141	 2.6414556	 1.09277769	 8.386099	 46.845298	16.884961
22	VT007	 11.195392	23.995083	10.651611	0.015187209	 93.63652	24.629803	NA	36.010204	0.0004241412	 48.8402831	0.0095210254	28.82002	6.7724010	22.346852	15.711789	1.1070082	 48.8402831	0.8338108	0.68309785123085076	#DIV/0!	#DIV/0!	0.06228376	 51.73253	 47.07860	10.882961	0.93785071255616337	20.799191	19.681056	#DIV/0!	2.2698816547224239E-3	 46.39829	0.0080290390	0.21185757	 8.481577	1.9951447	0.14592851	 42.04901	607.81949927787605	 8.4815803	 6.16029530	25.646078	105.687838	33.949847
23	VT009	  3.958624	27.448711	11.881680	0.042945958	212.30569	 3.666320	NA	16.221477	0.0005906810	  3.4914647	0.0016940200	39.78996	0.8171468	18.627128	16.903380	1.4828092	  3.4914647	1.0572184	0.32417245720289639	#DIV/0!	#DIV/0!	0.16013203	 49.38496	 63.04597	18.302895	#DIV/0!	21.451044	23.304180	0.18407655860047956	2.1056760401999657E-3	 13.94168	0.0032828487	0.11520965	16.598717	0.2760566	0.33875947	 39.23311	566.13315142757131	 1.9561271	 1.18673632	16.167227	 25.109578	21.962948
24	VT010	  3.533258	22.110599	11.604940	0.002808793	197.81381	 4.950816	NA	 7.508368	0.0013460997	 12.5417439	0.0165063559	38.67509	1.2996896	 7.537920	14.083019	1.4024998	 12.5417439	1.2421363	0.81103383905517867	#DIV/0!	#DIV/0!	0.05740551	 27.18365	 53.15008	 9.869660	#DIV/0!	22.337956	16.901717	3.7559432727606183	#DIV/0!	 33.98908	0.0002439276	0.09802766	14.486792	0.7444981	0.15589718	 17.77363	14407.171825544821	 0.1280252	 0.08676953	16.575727	 48.603862	17.663102
25	VT011	  4.191113	28.680547	11.029800	0.123364645	107.11378	10.524407	NA	21.688136	0.0031451272	 21.1170015	0.0164302762	17.56949	3.4168523	17.448128	 9.107241	0.7431203	 21.1170015	0.6344254	0.61978232881314055	0.021807	0.22821076432124479	0.17309885	 65.14881	 38.09862	 5.064200	#DIV/0!	14.256123	 9.814831	0.3415738056124511	2.7955243372440549E-3	 41.84550	0.0224483894	0.04798302	11.599577	2.8076684	0.21543640	 35.35888	77.430745798322221	13.1136822	 6.99020327	15.765146	 79.231375	14.791204
26	VT012	  5.104137	37.695843	28.946846	0.017836804	188.53221	12.924176	NA	15.972306	0.0024449166	  1.0910125	0.0066496811	60.03229	2.8732176	28.920089	15.181520	1.4243796	  1.0910125	1.1774948	0.15327184972292004	#DIV/0!	#DIV/0!	0.20457007	 82.53882	 69.92165	18.878430	0.68139221938076211	21.546352	51.005286	0.421556296269543	1.70363722618622E-3	 47.54870	0.0035179411	0.11918995	19.991764	3.1832016	0.28843807	 43.72342	52.850043949143682	 1.9765723	 1.43793765	37.739409	101.031845	32.103698
27	VT013	  4.350456	29.473232	11.395037	0.051808511	 94.07023	 7.561472	NA	29.117887	0.0005337063	 14.5942966	0.0056730223	39.89122	2.2470002	23.601936	12.667067	1.6032514	 14.5942966	1.1569920	0.30166082784765613	#DIV/0!	#DIV/0!	0.35915204	 45.97146	 54.70747	15.670721	#DIV/0!	16.265402	29.046476	0.18552629177322674	2.1220387776814805E-3	 26.68579	0.0100949196	0.10001814	13.727525	0.1323226	0.11716932	 21.83645	548.81115783888526	 1.6962324	 1.16312012	20.956600	 63.837511	16.495497
28	VT014	 10.150645	27.183636	10.413149	0.030578618	133.83701	35.506206	NA	81.205232	0.0032357895	225.6066923	0.0139428276	23.23669	8.2420329	43.111474	22.650961	0.9094086	225.6066923	0.8264699	1.6119786106994702	#DIV/0!	#DIV/0!	0.12299456	 46.34472	 26.59347	 9.185342	#DIV/0!	 2.057537	51.598774	2.0522847072656272	9.4493261481689531E-4	195.99408	0.0029646117	0.14282627	10.553621	1.0163316	0.08863375	 30.47034	1873.0398923507412	 1.4054189	 0.36984693	33.090224	223.789640	21.851604
29	VT015	  6.763796	22.784812	12.996042	0.019183381	102.22937	 5.606107	NA	31.049548	0.0006166905	  4.9611197	0.0103301110	22.41925	1.1285741	17.371695	12.953370	1.0083525	  4.9611197	0.6568742	#DIV/0!	0.02774	#DIV/0!	0.46105168	 65.16385	 37.44410	 8.333946	#DIV/0!	18.706809	14.959584	3.1670499295259904	2.2009343223011418E-3	 40.50421	0.0307636525	0.08972579	 9.657612	0.2640662	0.63904958	 24.49927	465.56324030292575	38.0370480	17.29959989	14.333640	 24.352528	11.944996
30	VT016	  2.474836	22.747991	11.318942	0.038194259	 86.62228	 2.165449	NA	 4.016203	0.0009911108	  0.7415758	0.0108324252	27.86404	1.3970011	10.575596	 9.660717	0.8006996	  0.7415758	0.7864262	#DIV/0!	#DIV/0!	#DIV/0!	0.13218831	 58.41769	 44.62147	 8.025921	#DIV/0!	13.533914	17.252803	0.10352608325196441	1.2565558553850145E-5	 10.66392	0.0125859844	0.06091746	10.144784	0.7930733	0.18492347	 41.15512	364.13598879994828	 5.2988037	 2.65369144	22.424437	  8.299355	20.186718
31	VT017	 11.107793	 9.109261	12.960068	0.103892713	177.78633	 3.881641	NA	33.278098	0.0001556399	  7.6918660	0.0027739691	22.96451	2.5004147	19.409195	 7.725828	1.3164632	  7.6918660	0.8220888	#DIV/0!	0.059621	#DIV/0!	0.07693765	 82.97859	 59.86609	 4.951964	#DIV/0!	26.569930	14.700886	1.0260563795703315	3.4039562964972088E-4	 23.61012	0.0020635696	0.17773912	12.849739	4.6536843	0.08670956	 21.42170	430.68802701033223	 0.7982988	 1.20330346	27.227649	 50.920228	13.618556
32	VT018	 24.380667	20.520580	 4.994478	0.056654445	182.82668	 2.786266	NA	 5.618422	0.0007484364	  5.7623861	0.0081800958	44.76604	1.1994180	14.722997	25.020405	1.3506619	  5.7623861	1.2006280	#DIV/0!	#DIV/0!	#DIV/0!	0.04677881	 64.53453	 72.95826	10.671316	#DIV/0!	21.597876	42.277770	0.23482138858924342	5.4696541223682891E-3	 14.34192	0.0015175656	0.04371683	12.630436	0.9483619	0.06203960	 67.38394	3558.7802660179691	 0.7587339	 0.29902407	14.446678	 32.589437	14.870005
