SAMPLE	AIM2	CASP1	CCL2	CCL20	CCL27	CCL5	CTLA4	CXCL1	CXCL10	CXCL2	DEFB1	EOMES	FOXP3	IFIH1	IFNAR1	IFNG	IFNGR	IL10	IL17A	IL17F	IL1b	IL1F6	IL1RN	IL20RA	IL22	IL22RA1	IL22RA2	IL26	IL8b	KLRK1	LCN2	MICB	NLRP1	NLRP3	PI3	PYCARD	REG3A	S100A8	S100A9	TNF	TRGC1	WIPI1
1	PH001	NA	15.681594	17.593867165948289	 0.542740133	24.16197501248406	2.8972155326812756	15.964924235876191	2.7904992345074726E-2	  12.0086285	3.235950481063659E-2	12.544645960529655	NA	  20.158732	 3.15204685	0.2959995	  12.0086285	0.8208976	1.5363417882661621	0.45357702706947589	0.85311027439860998	0.512752101	3	138.10928522418283	3.419219e+00	3.3841448257254134	 11.743626	NA	NA	9.1336358465378922E-2	5.7597253654360863	1.560202e-01	 0.117413241	5.2816891202594531	NA	 75.60099092	   97.25276	NA	 940.5322748	1603.8610706751233	 8.974510	2.9707603999208678	 22.486712
2	PH002	5.884148207682955	27.896258	13.089467115905215	 0.172420161	46.013984543456807	5.0735659282130143	8.0417025070683064	4.0225718926146506E-3	  14.2543763	1.0818671163324948E-2	21.580649408804049	0.90312671233575259	  21.043954	11.25786077	0.4897102	  14.2543763	0.6151356	0.34005320572828368	0.22977899178784217	NA	0.130007580	1292.84527427186	100.4267601050657	4.394402e+00	4.5229252092562815	 26.768588	 16.666337	NA	9.2126550162408231E-3	6.9131026292919273	1.447626e-01	 0.172221046	6.9869694734819427	NA	124.84553231	  170.58342	NA	1438.4844148	1799.4419286874222	NA	NA	 30.724851
3	PH003	3.7089216561674365	25.298856	40.336124955465138	 1.030611036	19.693764966280888	2.924114932881746	11.719458612212264	3.7205696592264102E-2	  31.6690055	6.6846683919535299E-2	15.725130269716502	0.56330971156089804	  14.041905	12.08812652	0.3598999	  31.6690055	0.7307098	1.0556754176675431	0.34887781393561906	1.2171171981131368	1.155220070	1924.5880374908102	78.176696938203364	1.623754e+00	NA	  8.396327	  9.809968	5.709694e+00	0.12524578890977708	6.0390963690356534	4.205998e-01	 0.139725486	4.2056632460549439	NA	103.51292393	   84.27310	53.755185409801257	1199.3194941	1446.8173427383294	10.748029	7.037192111182982	 21.471235
4	PH004	NA	18.349466	22.455552604189666	 0.148479289	19.409173959329376	5.1408236099614726	24.795400193302278	9.0074413856446375E-3	   9.0358867	NA	18.30711763337866	1.8285086576388025	  34.671205	 7.51822638	0.2210329	   9.0358867	0.3977637	1.1331440153883121	0.33374644076825816	NA	0.639936324	1278.5859947353797	53.199211286484783	1.531203e+00	10.301580960135331	 10.423936	  1.817023	3.196866e+00	4.3970088438122321E-2	5.6353290097763038	1.290810e-01	 0.106357934	4.6278183418475685	2.9457929323901264	 51.66084546	   79.30459	NA	1078.1437464	857.90005960306496	11.870697	NA	 19.288477
5	PH005	13.395408280736328	43.854929	46.775015674001907	 0.815260709	34.735353218875154	9.404378691399069	30.256374086555404	2.7648277680172903E-2	  22.7059755	4.0060750794581067E-2	24.056143064040722	1.4067182601534141	  55.381537	NA	1.3296073	  22.7059755	2.1889475	NA	0.33990669588633776	NA	4.094442219	2468.9233873414005	175.78482415703178	2.077821e+01	2.845979994287986	 38.981882	 42.430904	NA	1.018184767212934	28.946820966290424	2.676347e-01	 0.207665460	10.238978931727402	1.8747090197952581	102.25301989	  115.76050	NA	1454.1901377	3233.7657115448128	16.059257	49.544960495226967	 44.497931
6	PH006	3.7029262986732219	16.764446	22.315906332453917	 0.181327111	11.572806299955928	6.121987090082289	NA	8.0637539312830471E-3	  16.8187539	2.0249071909494352E-2	32.521748370230739	0.80440865312047616	  25.054543	 4.96674232	0.3496539	  16.8187539	0.6249514	0.64193468876901139	0.67798216815613288	1.7264729543233333	NA	1975.0404508209704	70.701370083375721	2.661673e+00	NA	 12.928421	  6.564565	NA	3.9774838712485258E-2	6.6452961777536057	1.117892e-01	 0.116575267	2.7734210434536948	NA	 75.04409813	   71.48984	NA	1043.1037609	1671.1976210674188	15.101986	6.1924036744415174	 22.911509
7	PH007	3.8008798676209814	27.729198	13.768833311169526	 0.188503904	79.930097777481819	11.580831432836597	12.67722790087425	1.6385857719960826E-3	  24.9793982	8.0674789900623597E-3	33.965545620182823	3.133264610300655	  37.159695	16.42088789	1.1532190	  24.9793982	1.4928055	0.49959560918204493	1.0880378571441199E-2	NA	0.167802320	1159.0015260458392	108.2832792971856	1.069106e+01	NA	 28.236135	 40.076147	7.060926e-01	1.4527480888886567E-3	34.423780620073259	NA	 0.212715915	12.42350123352689	NA	 10.29829183	  136.30236	NA	 731.6454961	1099.7808251481038	16.656348	50.603565846222587	NA
8	PH008	4.7910186366322938	14.904409	16.0741120323835	 9.945198245	103.65651240496116	3.4854222063436757	10.312583970563812	6.912069420043224E-3	   5.5085264	1.9532225991335746E-2	54.55601466934894	0.23092564008463337	  30.099478	27.40251399	0.5460105	   5.5085264	0.9227200	0.91362017689287944	0.10462312583845604	NA	2.374021842	2386.4778044606869	286.35610519192363	6.075488e+00	1.0865928943413137	 13.997320	  9.853871	4.302781e+00	9.0642621841392254E-2	NA	2.476597e-03	 0.055443670	4.7535331827493552	NA	 78.15868074	   61.15224	NA	 692.1782428	873.09821381903748	 7.998155	9.164139775297059	 15.487153
9	PH010	11.080872912606551	26.933558	52.176708364049567	 1.127921230	21.214820130280593	8.9755441894142312	27.451898586773439	5.2434744703874644E-2	  28.2791536	5.6602150179763416E-2	32.148209897333565	1.1572230576857503	  67.368411	21.83574266	0.7894939	  28.2791536	1.9494931	0.7213807114852856	1.0137479717445297	2.0254580352449003	0.588725584	4210.1836415688676	104.9821143123642	6.507788e+00	1.6987733264847282	NA	NA	5.820771e+00	8.0604244779304515E-2	21.14140677619557	NA	 0.180449441	7.2735825598450825	NA	147.85099919	   76.78041	90.019494951720574	1134.1010392	2384.8240543298202	18.189077	30.502026286974647	 25.445420
10	PH011	6.4546239622651926	17.041730	19.080154939939636	NA	60.926595380175684	27.786906288426792	24.254266394807043	3.1569317363190227E-2	  36.3865312	3.1322287963982294E-2	34.831794375991294	8.1888862423215443	  84.292545	16.88262877	0.7149925	  36.3865312	1.0312911	0.88709871366153248	0.51301633067353614	NA	0.500346724	2704.8517510748043	99.055647502089414	3.892418e+00	NA	 21.882186	 22.554728	4.068011e+00	7.6928718546814587E-2	45.1191335386033	1.255110e-01	 0.345478190	NA	NA	 77.74440711	  111.81735	NA	 771.7556478	1325.2054959221136	33.590942	167.84667083806454	 27.458245
11	PH012	NA	 4.524214	NA	 0.251012992	NA	NA	NA	NA	NA	NA	7.3598020514515845	NA	NA	NA	0.1744236	NA	0.1225796	NA	NA	NA	NA	NA	NA	4.863277e-01	NA	  5.882129	NA	NA	NA	NA	1.084246e-02	 0.001739033	80.746800371055969	NA	  1.99170098	  125.97558	NA	 321.1271019	NA	NA	NA	  4.253550
12	PH013	8.3108764156593011	29.141436	22.927407462497168	 1.656341693	32.304586570217197	16.074112032383535	62.70466816636354	1.7353062762814245E-2	  15.9133558	2.819664037632319E-2	23.90101788384105	2.026514768402611	 113.352049	14.70163982	0.9221034	  15.9133558	1.1134387	NA	NA	NA	1.595491298	2666.3818492572022	166.61031368495188	6.513050e+00	NA	 17.823301	NA	NA	0.38165316973453434	32.218862474767398	4.281236e-01	 0.178212067	7.9282390636502997	1.6989990077856907	 97.41017570	   56.54525	NA	1252.2738591	2002.1483471998565	43.582195	49.70548170519843	 17.753126
13	PH014	4.4326414094467026	17.812698	21.065847537540936	 0.339347058	59.873015370437862	16.251492985552485	52.092389280472815	1.4496357590832898E-2	  11.5901977	1.4658023279635484E-2	23.153626138423288	4.1964443674725356	  46.964557	 6.83269082	0.5028388	  11.5901977	0.6655405	0.41744739249066665	NA	NA	0.285619552	1223.8128017289564	87.154306982200396	4.141537e+00	NA	 16.861422	NA	NA	8.0912146262641593E-2	24.615583193468975	1.513057e-01	 0.083746195	4.1790265844274472	0.56605717235164155	 70.07532278	   59.10330	NA	 616.3049462	915.76532366854974	23.777099	70.579011667756191	 14.180478
14	PH015	NA	NA	NA	NA	NA	NA	NA	NA	NA	NA	NA	NA	NA	NA	NA	NA	NA	NA	NA	NA	NA	NA	NA	NA	NA	NA	NA	NA	NA	NA	NA	NA	NA	NA	NA	NA	NA	NA	NA	NA	NA	NA
15	PH016	NA	18.000941	29.974573168247275	 0.853817523	98.06499816320455	7.5457635748620584	4.1896609445480415	3.6522457524339881E-3	   3.2867617	NA	24.996709112567334	2.1634498851397508	  26.415870	 3.20312952	0.7611928	   3.2867617	NA	NA	8.0305752055964186E-2	0.54991789422923965	NA	801.37482401886484	87.406339955921226	8.119176e+00	NA	 18.650734	 26.464579	3.487196e+00	7.5900949627060446E-3	19.217295447074747	3.407960e-02	 0.077178012	7.7150017610194137	1.0753337306670774	  5.03386536	   76.17964	NA	 185.3361779	230.24091812368025	17.740812	34.071634229356199	 23.923116
16	PH017	NA	16.614063	13.457458804295491	 0.452503015	23.983992824804286	5.807832269874778	NA	2.6724997736229796E-2	  13.7942930	4.2462512243949334E-2	8.2630027352204376	1.6045484700937702	  27.189914	15.40620781	0.4924333	  13.7942930	0.8663976	0.58594274679333902	0.35296272000094209	2.1794254956659334	3.196146255	2318.0030520916789	103.77626444409252	3.619190e+00	9.6193876116042745	 13.835155	NA	1.716205e+00	0.47259201463854489	15.136923148094388	2.475054e-01	 0.095061205	5.7411246386541475	0.55083057714583028	 70.63609419	   61.97723	NA	1165.9851853	1759.9681500267618	16.807114	28.367487475652787	 27.922062
17	PH018	7.9520805576331339	34.209684	19.301839499525702	 0.862741167	33.335782735449591	5.1753852974815047	NA	3.3138839418811995E-2	  25.5573413	5.9026223861978276E-2	28.383868906108678	1.147107746108758	  42.498300	35.47322760	1.0219559	  25.5573413	1.6295595	3.1703993714261736	NA	NA	0.525829433	3065.6964557689525	116.05512472934261	NA	NA	 24.345497	 21.014041	7.713566e+00	0.18441141555658583	NA	4.482928e-01	 0.096187955	8.2448864725652484	NA	103.76432875	   85.80557	NA	 960.2944678	1558.7427748491157	16.018502	45.79120448736046	 29.555069
18	PH019	9.9935652881867103	24.025588	28.541725954209788	NA	56.083352785334277	29.384834241112625	28.703743278710093	4.9113433234798136E-3	  11.6532982	9.5939055290913452E-3	31.146528937359008	7.6670255069918767	  88.095726	NA	1.4382691	  11.6532982	1.7902540	1.2188322447263467	0.36887770170560757	0.59627123835807638	NA	1932.6078329612283	128.86054226680577	9.045291e+00	6.3230727592406497	 19.918075	 18.354473	1.558711e+01	3.2569528251450715E-2	NA	1.585785e-01	 0.216134397	NA	5.0192280167880341	 49.02684887	   47.94584	NA	 571.3243660	NA	40.205844	148.39851160578397	 26.245540
19	PH020	NA	30.399991	19.454075835327149	 1.086483375	48.357438833615113	16.014789373527247	24.422966651987256	4.822509851640862E-3	  18.9264611	2.0253748408468716E-2	13.983616814210608	NA	  40.710611	13.19896785	0.9623718	  18.9264611	1.1455027	NA	0.37134323764934785	NA	0.182208970	1762.4083337951097	65.936234086183973	3.834396e+00	24.475900677666719	 24.480660	 38.389651	NA	1.4847180439872631E-2	35.596574148387916	2.991548e-01	 0.189289570	8.7928600827328172	NA	 91.47672797	   58.43116	NA	 957.6362683	911.0161646281565	23.317373	58.994111711253247	 20.378839
20	PH021	8.6958860513615317	20.649005	34.807695443934804	 0.576876132	33.707563548789615	68.498441320536173	25.138614200359925	5.562974931240814E-2	  69.6153295	6.450255505724492E-2	18.442976509634551	17.199963039730729	  22.434805	16.16461164	0.6079396	  69.6153295	1.0494749	NA	0.59189025455062161	0.69839329247168935	3.161626844	1605.3439306842356	86.183135778108294	2.858649e+00	12.749807926266561	 12.999542	 29.114271	7.969870e+00	0.47106559626389649	100.35716768423723	2.305642e-01	 0.164102165	3.3434402274970818	2.8377128473158435	 81.68505460	   24.25707	NA	 551.5448725	783.97668441333428	14.087400	53.544502824635615	 21.881921
21	PH022	14.453358244474218	22.074868	47.406086322210193	 0.538617565	32.884436088051913	17.291596770146167	92.18751221771241	2.1065112602034176E-2	  21.0439359	3.9290711957688428E-2	9.4348480313982339	6.3554733746465804	 155.381031	30.15831243	0.7256435	  21.0439359	1.0949278	1.0630179210627069	0.66736062029373766	NA	0.658535366	2032.4441629392752	83.517069688606568	NA	20.494538950709988	 13.253509	NA	NA	0.13876018757684097	30.963565567685091	1.129105e-01	 0.171387376	5.4163931882372616	NA	 92.56105313	   44.12933	NA	1090.4189097	1766.0772894792763	26.858991	145.44523395539844	 18.332521
22	PH023	22.705965494024554	NA	25.205511125939321	 0.645281117	25.735110719052248	20.327103962635011	128.32572132958163	7.6168237106736147E-2	  12.7993604	2.9489255263690565E-2	21.750839869581537	3.0969189485136104	 140.344871	42.07573230	0.8475281	  12.7993604	1.9508044	1.0213656593799116	1.0358214282839493	2.4359828493719649	NA	4543.7469843652261	182.02587550568759	NA	NA	 20.728222	NA	NA	0.54336714870361158	NA	4.166383e-01	 1.244011840	NA	NA	 55.13898484	   58.20215	NA	 357.4672347	1887.5940345205172	32.899656	202.39075997874988	 29.007082
23	PH024	56.375605460327492	28.960206	28.853351462701621	 1.517117999	60.575649308840937	16.671740797329988	100.34555889643418	5.5347655752984184E-2	  13.2783070	6.7311620390935814E-2	15.952001553474163	3.2079841416459112	 155.884383	38.05367647	0.8420625	  13.2783070	1.3495425	NA	0.65293974679845679	0.9786055961623159	1.672492366	3718.0576964408906	165.4975656564871	4.487772e+00	11.957912088674671	 24.238997	 58.829143	1.746002e+01	0.70108736020571982	63.85230999060375	NA	 0.099787268	6.7896257263723525	1.8909055084155968	 72.80672804	   52.99065	NA	1048.0554986	1675.0634602174675	30.392985	109.23813215419487	 27.607729
24	PH025	10.57070804651379	25.380822	26.076308206707846	 0.950000984	36.724404915853938	20.946932830452678	78.041401444432069	1.6549468884070745E-3	   7.1156751	1.0944376137817461E-2	18.336762478411362	4.6924248692202806	  68.435229	14.69772171	1.0528745	   7.1156751	1.1000329	NA	0.30214095022619397	0.49974792063839379	0.361316140	1241.0399956434644	95.2512798553973	8.888874e+00	NA	 25.001845	 31.368971	NA	1.3347067523512729E-2	55.228235278763258	7.424683e-02	 0.178068089	8.5346611781506425	3.2551528815897495	 36.46230421	   38.23090	5.2877979278476284	 517.5904827	794.92084332169088	26.501467	58.701825683055212	 17.271651
25	PH026	13.76245752746185	27.896246	29.87775871129703	 2.677710226	30.945681656847761	28.913392460598743	168.44881667320135	2.1929236093995115E-2	  41.1360780	3.2978409848467082E-2	16.434618810335859	8.8315470467476604	  91.985355	14.79578205	0.7648947	  41.1360780	1.3789891	1.9629149512805677	1.3672660983768823	4.8699199185652482	1.609559792	2480.3588989324762	108.40837653612232	4.976045e+00	18.695671462980446	 26.999480	 20.996482	1.630800e+01	0.13006752245319739	52.600332265036343	4.177282e-01	 0.224066577	7.5947346247513785	4.3704501474314625	130.05695698	   52.04423	NA	 802.6719653	1411.1606398628214	25.818490	128.77113267940337	 14.966516
26	PH027	82.959353481087831	27.812578	20.364717420792406	 0.257741964	12.167823483979326	28.528522020236458	93.950723857038199	2.2302253774851649E-2	  40.6917950	2.078951197918481E-2	15.519380416013028	4.9611229793215879	 123.468482	32.71364680	1.0887447	  40.6917950	1.6538737	1.5130914774159308	0.76036200953763933	1.7513132916417984	0.534834867	3340.8489878487162	142.78153140397112	NA	9.9845150445947279	 33.053085	NA	9.096302e+00	9.7215706806523722E-2	34.831786700961089	1.888214e-01	 0.312371040	10.345988974793968	2.9749244344911743	 63.11885915	   61.36451	NA	 883.4469546	1582.1450496102907	29.000384	119.26275539942002	 33.497921
27	PH028	14.746828394691539	27.876940	36.260672411393386	 0.715488516	48.31279224329856	39.652323025754299	52.960101399967741	3.9600620806962777E-2	  22.4893034	5.8910426644174355E-2	23.840340885791349	3.9140648682571544	  45.939625	27.98767592	1.2195369	  22.4893034	1.7661254	NA	0.50674614703028098	NA	0.502199797	1523.3174513668175	97.838719401213964	7.462543e+00	NA	 21.239322	 21.794655	1.602896e+01	0.1024032015302508	73.635714862915634	1.479823e-01	 0.162142418	12.793450459701042	4.0916869946240029	 53.03968894	   72.95830	NA	 757.7964214	933.38855131409582	38.980130	142.91360396261757	 26.722827
28	PH029	29.235839218584211	22.975107	33.443817146055281	 1.420927003	19.494566452484289	12.201609591102512	121.55798622755408	4.4635438431192775E-2	  19.5486793	4.0704526115302821E-2	20.888921825107321	1.8050017508315725	  77.618753	40.99018447	1.1347176	  19.5486793	2.1728415	2.2055921706468062	0.78031105488501395	3.3350562110255808	1.087991216	2167.7766635727567	38.541294327079058	1.116569e+01	21.188916485922167	 21.805385	 27.832223	1.555798e+01	0.30885465655954286	41.777843650214649	2.482451e-01	 0.289974991	10.175302672825564	6.7315601455672178	119.15261836	   59.89374	NA	1134.8874786	1528.2521892315497	31.933542	52.200788439554607	 24.864233
29	PH030	17.245726644032576	32.450460	58.464992036783329	 1.558869746	16.30791178234157	32.472948575071136	169.56179160351968	2.0382861566451162E-2	  31.7679350	3.529235710369838E-2	44.916271197833908	10.244893913048521	 184.460278	43.69304520	1.2930999	  31.7679350	2.1077354	1.6036213629518763	1.8782569229305652	3.8724002759509148	1.376654965	2248.1155950385983	111.3403884357553	1.113091e+01	NA	 30.000627	 47.200026	2.665611e+01	0.4890883437792472	61.798493587951555	NA	 0.299888920	10.202375901069987	NA	 65.36741660	   47.59814	NA	1090.0415125	1892.1801562572045	50.673772	127.86694523231148	 27.293778
30	PH031	18.821800267419675	NA	26.495348026633071	 0.897302734	25.504269383521162	17.532984028969199	98.416869007861209	6.346039506382227E-2	  27.4296779	NA	21.293376811159423	4.5179463122599568	  63.148045	26.65333968	1.1476371	  27.4296779	1.8715377	1.7433137012046742	0.58148749692081114	3.6649302538623738	1.004399816	2349.8181911263878	132.85113568305241	7.898069e+00	9.6402289483615373	 23.262691	 23.961385	1.602214e+01	0.20442830757258906	42.724730868680155	NA	 0.209013274	12.852701252014375	1.6883477371988489	 58.64083154	   56.97802	NA	 936.1960201	1260.1093816378407	24.425781	75.287201069678773	 15.298662
31	PH032	7.2500929117563837	35.358865	39.965048888740796	 1.708423890	18.661587383624639	27.883377650749399	111.98536687424382	2.5743168034478407E-2	  19.0053364	8.224088447392916E-2	38.755590716571909	4.151597990095377	 134.022630	34.67129827	1.1206479	  19.0053364	2.2348850	2.0914442434087723	1.8979311019355241	6.5208918279751185	0.967275891	3026.9861183376202	148.8793750283771	5.159863e+00	18.470725398119367	 17.468776	 29.793891	1.860048e+01	0.16139487235399019	42.429602863847251	3.160525e-01	 0.232666070	11.04253269557538	4.8098746209523853	111.35324466	   64.07398	NA	1089.6632855	1447.819358435293	23.972908	135.54856964364029	 35.687157
32	PH033	28.816703498382161	49.072188	34.835839352204118	 0.656333165	57.967268817904113	30.657467441400755	50.492608673358689	1.8903974011784671E-2	  19.2239447	3.0794856135181667E-2	41.70553217350033	5.5628861315943396	 122.008132	81.86479897	2.1103764	  19.2239447	3.0822296	NA	0.86481313230774193	NA	1.435115450	2360.4294801242486	278.94425347365734	2.462127e+01	14.508562391681481	 58.673874	NA	NA	0.29623896319117266	121.13736455070847	2.161177e-01	 0.187873447	29.354301924996495	16.509389146501334	 67.14306550	  116.84888	NA	 869.7763181	1563.4311993410058	40.471465	111.13476818270074	 48.981595
33	PH034	7.0055533915455541	25.776767	19.391249931929128	 0.813378830	17.790068934970513	8.0092439850034527	29.057395404867624	9.9391182929957685E-3	  15.1299239	3.0962512614983784E-2	35.416082663438587	2.8732163160758093	  75.968732	47.64342746	0.8182799	  15.1299239	1.2448764	NA	0.57925605803634894	1.9447770844069749	0.457232737	3010.2486055243526	244.77848288155067	5.619077e+00	2.2923205492340841	 51.556573	NA	NA	8.5042809929450403E-2	30.016145936194423	2.669812e-01	 0.359816380	18.050907549027936	NA	 93.33421172	  120.76005	NA	 862.2723779	1512.7942224424396	24.755314	NA	 23.917581
34	PH035	NA	NA	29.815688849854958	 2.425025433	87.466990204356549	21.515933260577185	100.92684591002893	1.9754613737678034E-2	  20.6537646	3.4818539558232865E-2	50.248178248359913	2.968018917427691	 121.993992	37.98834496	1.0170098	  20.6537646	2.2774830	2.1363764534848961	NA	0.79380549504446019	0.447874421	3316.2395918346183	289.88410422573378	1.099925e+01	NA	 66.647597	 30.690263	9.595201e+00	6.7016788534882438E-2	35.244659716840907	NA	 0.216484051	21.178076976044252	NA	110.81424190	  122.38930	NA	 979.1139315	1587.2717565789928	35.432474	NA	 27.233931
35	PT001	NA	17.231782	8.0370595580516646	 0.271432859	47.802014701754658	9.7969541267178393	29.476647847435693	2.5646913346762234E-3	   3.1303704	1.5933051989904409E-2	14.24120954800069	1.312363820619753	  23.774338	 3.47965116	0.4127482	   3.1303704	0.6024963	NA	NA	NA	0.087131220	644.03696821048561	119.26280795746747	7.939239e+00	NA	 16.526712	NA	NA	2.8437286003624119E-3	15.105480117656304	5.496342e-02	 0.146943547	13.912725518520922	NA	 24.16198566	  148.22727	NA	 473.2088180	928.87071072434844	13.906301	11.47296264495388	 23.686618
36	PT002	3.7119221561528208	28.148762	11.384511322222464	 0.033154141	184.86566891526959	2.4628578149615237	4.4862188635071032	1.2990447721651617E-3	   6.1517578	1.2266202588902509E-2	0.21778858988174729	0.79774494590556477	  15.280995	13.26443967	1.1206479	   6.1517578	0.9105194	NA	NA	NA	0.093008109	143.14499343068465	48.874129694827239	1.284379e+01	NA	 25.260772	NA	NA	NA	12.457986294745917	4.023304e-03	 0.139789971	15.476421082853923	NA	  0.32473460	   43.32114	NA	   9.5709801	6.8242307997444911	10.255552	10.478302334126337	 34.631204
37	PT003	4.4608975332434122	32.649770	46.775056900687112	 0.705475022	142.45213485573277	5.7146556073460708	10.247268990819126	3.0750681760479716E-3	  34.2730009	NA	18.059254141447621	1.6245052938459208	  16.779953	50.63077443	1.1085450	  34.2730009	0.9823175	NA	NA	NA	0.193758845	73.042647469531829	57.017530524539659	4.024103e+00	NA	 13.212696	 19.201589	1.773707e+00	NA	20.922742793689739	1.621854e-02	 0.243895245	10.570712704931905	NA	  2.96151232	   59.32907	NA	 104.1607228	155.16582654353809	20.163406	15.252770782573137	 20.440162
38	PT004	1.7836507388295975	16.892753	11.655994698753181	 0.060748810	144.57415456717393	7.1668197554737425	2.8467845131026235	7.8810010651086026E-4	   1.0285883	NA	26.233398468610087	1.9065967679317146	  12.061459	 4.62560076	0.5972196	   1.0285883	0.7370650	NA	NA	NA	0.016835686	121.68434200582563	60.380023470637852	8.312792e+00	NA	 13.614050	NA	NA	3.1415417705018167E-5	16.408067217555541	NA	 0.166316096	7.097606031683557	NA	  0.49072949	   29.34412	NA	   5.3504736	12.828962423197675	18.549814	NA	 21.897085
39	PT005	NA	20.154087	24.273898678289985	 0.344999622	150.15752964194633	6.4950150697720321	13.605958484049568	1.3324835356952312E-3	  14.4801029	3.6090472340721221E-3	19.203978497383808	3.7213678766216227	  30.597324	10.44053597	1.1044538	  14.4801029	1.3331425	0.66044059332395133	NA	NA	0.112344394	154.80772302015049	82.025437794167573	1.028402e+01	NA	 23.627458	 13.177592	NA	8.4232650750607732E-4	24.195486087844444	1.420529e-02	 0.170085620	NA	0.59682168895690457	  0.81469576	   44.63179	NA	  52.9417251	87.446755934592957	18.121957	NA	 20.056527
40	PT006	1.0050956497936696	NA	6.8923731048285752	NA	147.5779521805436	1.7532111799396943	NA	NA	   1.7159406	2.9820070464151916E-3	21.5209023396676	NA	   6.228993	 2.99534717	0.4336691	   1.7159406	0.7041364	NA	NA	NA	NA	399.85517597900377	52.770752604374344	3.610004e+00	NA	 10.247264	  4.564657	NA	NA	NA	NA	NA	6.9146976784649183	NA	  0.11910725	NA	NA	  12.9810285	33.289612225653201	12.000318	NA	 16.215862
41	PT007	3.6502612270695067	24.652575	14.175557749777541	 0.032098886	272.7936442644658	12.60274445512991	4.3124235801060546	8.3457744366695027E-4	   8.8131999	NA	41.864797699700766	1.9414940791194042	  11.621033	11.61209243	1.2195369	   8.8131999	1.4273624	NA	NA	NA	NA	152.21847717967978	89.078105168515137	1.213414e+01	NA	 18.459873	NA	NA	NA	26.769154539490298	1.737380e-01	 0.112188770	26.834169556201527	NA	  0.05464878	   77.24306	NA	   1.6647822	4.5012744922850931	15.736035	35.877297737453929	 30.002280
42	PT008	NA	16.088966	13.113682205891593	 7.774052235	104.30518686045319	3.191718143153861	NA	6.7184013192428419E-3	NA	1.8342495387595567E-2	62.538218687762786	0.46808250440131194	  21.303232	27.16561688	0.5625294	NA	0.5533634	NA	NA	6.9104089633674148E-2	2.163950485	2017.4736410228845	224.30731316022224	6.959582e+00	NA	  9.851071	NA	NA	8.5259255761200442E-2	12.827492568890644	1.654258e-01	 0.055610483	3.8780536334478506	NA	 73.70376275	   44.53907	NA	 624.2589922	1093.1936964253839	 7.670571	5.4711106170073318	 17.014198
43	PT009	NA	NA	NA	NA	NA	NA	NA	NA	NA	NA	NA	NA	NA	NA	NA	NA	NA	NA	NA	NA	NA	NA	NA	NA	NA	NA	NA	NA	NA	NA	NA	NA	NA	NA	NA	NA	NA	NA	NA	NA	NA	NA
44	PT010	NA	22.177124	10.229521162521788	NA	356.23030673391116	8.7200317120911723	4.6983852660397369	1.299044485926453E-3	   4.8854784	NA	36.470709062967536	2.0681390219631197	  13.290589	 9.39397940	0.7757519	   4.8854784	0.7529135	NA	NA	NA	0.035024313	117.72959142031146	49.694004934107568	5.009499e+00	NA	  9.340955	 11.200328	3.616758e+00	NA	21.725731035396144	4.576110e-03	 0.114308058	10.526828573582192	NA	  0.64976965	NA	99.882901096395756	   2.1194156	4.7348964102552884	19.266198	29.719387571154744	 19.150811
45	PT011	NA	17.395793	13.144005385377067	 0.072972664	270.53394570788623	9.1134632746570219	NA	3.5187045136374808E-4	   7.3419655	3.4552336818431165E-3	29.161618824797266	4.7141591519677117	  19.033906	 8.43997231	0.7300159	   7.3419655	0.5762195	0.77655728641578203	NA	NA	0.051355629	68.308800080748071	67.946779844758595	4.899606e+00	NA	 16.409485	NA	NA	NA	35.860731838356983	NA	 0.103820765	25.34271518999417	NA	  0.06346037	   63.98518	NA	NA	0.75158056282644736	16.107561	NA	 20.051896
46	PT012	3.9870795771019134	23.506698	8.8745097397550214	 0.022335779	216.11665013855907	9.4065547668105243	3.9843228084092992	NA	NA	5.7775240116078293E-3	27.284319181844982	2.3359347521669083	  13.255315	14.35350611	0.7071069	NA	0.6979950	NA	NA	0.40758342260053726	0.145810454	103.2501151494988	56.951685268306342	8.768520e+00	NA	 12.670266	 17.354440	NA	1.0042497014753019E-3	30.852881607917404	6.706554e-03	 0.095039214	7.939235011481566	1.09144475886417	  0.07632680	   67.27507	NA	   7.2216745	5.7544050934092468	10.556067	17.888988795567876	 27.665203
47	PT013	6.3982011360875246	26.421983	13.011067854131737	 0.141479616	312.92363347366779	17.045666090302873	NA	5.1421784400484407E-4	   6.4516422	4.9712808165174645E-3	45.254824024238623	4.7954524301745911	  30.280831	 6.44002845	1.2872865	   6.4516422	1.1064937	NA	NA	NA	0.115342798	79.194808044509571	77.529150880710446	1.273152e+01	NA	 12.814964	 28.238347	NA	NA	63.250286936328429	4.491346e-03	 0.171427034	22.611731964516853	3.363376758742076	  0.23460957	   41.47012	NA	  10.0840268	8.5920339100357683	21.406847	97.59033835672696	 27.973717
48	PT014	NA	NA	NA	NA	NA	NA	NA	NA	NA	NA	NA	NA	NA	NA	NA	NA	NA	NA	NA	NA	NA	NA	NA	NA	NA	NA	NA	NA	NA	NA	NA	NA	NA	NA	NA	NA	NA	NA	NA	NA	NA	NA
49	PT015	4.3199073739632663	20.416548	16.040725769702053	 0.244346551	138.23703596682452	6.1802568236238349	12.591117142060948	1.3217521990461104E-3	NA	NA	29.148166652825608	NA	  21.352511	10.13836615	1.2546930	NA	1.1903273	NA	NA	NA	0.197054521	180.85216784229161	52.249097063719745	6.913107e+00	NA	 12.085007	NA	NA	NA	29.688527262552928	1.247620e-02	 0.096321446	13.789521841373622	1.3174448788162356	  0.33340179	   42.95241	NA	  14.0776440	17.549209729026018	17.291620	43.161317838413034	 35.407952
50	PT016	NA	18.400412	8.6798324747629287	 0.113544799	172.24675152737711	9.6330988290998132	6.4987643273071551	5.7532575645952437E-4	   5.6268706	NA	25.510159564075952	0.98954216071004408	  16.687162	 5.72462237	0.6973718	   5.6268706	0.5023983	NA	NA	NA	0.036778367	63.646074302707149	54.455274176802668	4.921164e+00	NA	 13.327900	NA	NA	NA	30.653914392821864	2.364218e-03	NA	13.560449981856346	NA	  0.04506028	   36.47071	NA	   1.7203079	0.27376315582220667	 9.198086	NA	 15.133431
51	PT017	4.0483472138557719	12.030849	8.716009186219269	 0.082927857	90.238227310013428	12.981039919854004	8.7079562690322501	4.4633237580221641E-3	   5.4151450	2.2459979832193788E-2	20.336503049710707	NA	  12.406295	 5.36656545	0.8019960	   5.4151450	0.8802912	NA	NA	NA	0.014201309	336.23663592485855	68.24573315483579	6.352542e+00	NA	 11.624478	NA	NA	NA	29.946878985017012	NA	 0.137801801	15.487153167405275	NA	  0.32797704	   43.87519	NA	  13.7116783	25.717299805865153	13.045680	NA	 38.890169
52	PT018	NA	 8.201189	NA	NA	NA	NA	NA	NA	NA	NA	39.487733193921407	NA	NA	NA	1.1203891	NA	0.9961301	NA	NA	NA	NA	NA	NA	NA	NA	 12.822735	NA	NA	NA	NA	NA	NA	20.275508917926491	NA	NA	   60.92661	NA	   9.5356620	NA	NA	NA	 51.786338
53	PT019	NA	 9.404383	20.653782798878304	NA	99.709974127967385	15.765145975492294	NA	3.5870158985733093E-3	   3.2981713	9.0994828285103427E-3	25.516039860266577	4.7832804265784334	  11.255048	 8.92209230	0.8553978	   3.2981713	0.8151807	0.72908789688049747	NA	NA	0.071793669	36.741369789548429	44.92146747624389	4.331402e+00	NA	  6.833159	NA	NA	NA	30.350904151954694	NA	 0.172619506	9.7811219629093458	3.9041736982748296	  0.10806720	   22.33654	NA	  17.4320107	18.93959398753001	17.868342	48.101156020892688	 25.758927
54	PT020	2.5781437203099262	32.237447	9.3978659097870221	 0.043224672	115.1203575967596	6.1233982571616012	4.8026589545759384	1.8462749042095427E-3	  11.1682595	5.9385714952285822E-3	19.630147697909702	1.7844758775842937	  17.168187	 6.65969207	0.8010692	  11.1682595	0.8240196	NA	NA	NA	0.054058584	64.713723934403745	31.508414731283199	6.025159e+00	NA	 10.556108	 21.803837	7.225916e-01	NA	19.778104018920612	2.800249e-03	 0.074531773	9.7135529965979277	1.9450446914925215	  0.11483753	   16.86545	720.48895385558876	   1.3188980	0.4302754721179467	 9.458857	NA	 20.130803
55	PT021	3.2621711641757405	24.184314	25.339817179450637	 0.102877579	213.33839583638087	41.278904439486553	13.77995705008316	1.9378414013807759E-3	  50.2365762	NA	31.815675335005423	8.4268871735423261	   9.369679	13.14211394	1.1206484	  50.2365762	0.8221341	NA	NA	NA	NA	190.63466322278353	69.198399548932628	8.442480e+00	NA	 15.330985	NA	NA	NA	89.304821390379331	NA	 0.289907909	15.178943450053772	2.5320457119436246	  0.27925732	   39.69817	NA	   6.0251642	13.858185188281844	18.277537	88.606012603333625	 26.952235
56	PT022	3.9127067502339767	NA	11.626409000332496	 0.159965575	105.59030673991565	10.475880633158193	12.872021745576367	6.856054998093978E-4	   4.6848387	8.0117480403651305E-3	18.269097397458026	2.0330804937437454	  12.578026	 8.81665373	0.8403139	   4.6848387	0.6563469	NA	NA	NA	NA	68.261494425403342	67.244011403822412	4.495040e+00	NA	 16.841286	  4.291409	2.474913e+00	NA	NA	4.920311e-04	NA	13.471447417742878	NA	  0.10100508	   24.82979	NA	   0.2821108	0.96459836652260889	22.034115	69.086542469764282	 24.414514
57	PT023	2.2987251144724485	NA	8.4698369708789603	 0.033115861	162.88012239659722	6.468807955637093	10.157692916295655	7.0937393218003294E-4	NA	4.4638391279135901E-3	28.449526893089956	1.8764432100098207	  12.280802	NA	0.8203625	NA	0.7985291	NA	NA	NA	0.058321254	109.87102937062635	67.571042992558631	6.824234e+00	NA	 13.228576	NA	NA	NA	49.225449892067573	NA	 0.109020146	15.823536921441377	1.0085328011866368	  0.07485973	   32.08142	NA	   0.7289208	NA	16.103842	17.907599631221604	 20.546686
58	PT024	5.6099991485054082	10.767913	8.0240678990952965	 0.092184398	87.588339785107834	9.4370311570980174	8.6848505762074062	6.587412547000627E-4	   2.9814206	NA	24.011711574426997	2.8745461346518177	  24.789670	11.84475302	0.9690657	   2.9814206	0.9943970	0.698258502032166	NA	NA	0.199666905	123.35454268363972	75.217658102884897	9.986642e+00	NA	 14.315464	  9.020494	7.075349e-01	NA	34.519364315969753	NA	 0.155214304	14.883759472366634	2.6480160705501392	  0.07028368	   32.23003	NA	   3.4862287	1.9898594915106267	20.112217	51.846211749892497	 38.465701
59	PT025	3.5251061210118739	23.703033	17.868341959928607	 0.041296569	126.20862620464609	13.09247857322025	10.545092218876132	5.2502244112100863E-4	   0.7347538	1.3811369450141678E-2	37.809208778040208	2.0472211094842701	  10.678716	13.16768131	1.0460846	   0.7347538	1.1391737	NA	NA	NA	0.054327763	54.379852885819673	39.661480682400992	8.074278e+00	NA	  8.360774	 11.287906	NA	2.1232641957129941E-3	47.702728929929677	3.687274e-03	 0.143388342	11.933952066274506	NA	  0.09782408	   20.49688	NA	   7.0290669	6.573523385754255	19.575818	49.54493866120815	 40.122318
60	PT026	NA	NA	NA	NA	NA	NA	NA	NA	NA	NA	47.242017927855159	NA	  27.944614	NA	NA	NA	NA	NA	NA	NA	NA	NA	NA	NA	NA	 16.120143	NA	NA	NA	NA	NA	NA	NA	NA	NA	NA	NA	   2.0545650	NA	NA	NA	NA
61	PT027	5.4824978783345921	21.254072	16.614077942249928	NA	82.710574599832483	11.217402706700048	22.635266088091033	7.7976875963402335E-4	  25.7827426	NA	16.56040906496813	2.0781998665044874	  29.074182	14.38715182	0.9250909	  25.7827426	0.7210676	NA	NA	NA	NA	168.58512811196198	55.45834796031199	4.941103e+00	NA	 13.874318	 11.572443	NA	1.5939636837086647E-3	29.657672859223386	NA	 0.197830050	9.8105461832541039	NA	  0.42518630	   39.98351	NA	   8.0686867	14.155918172248487	22.166874	36.4285998118592	 26.076297
62	PT028	NA	17.934523	13.125812329060688	NA	153.38362205584994	15.926243709027222	NA	1.0030899690507706E-3	   2.4188707	NA	39.451284359535386	1.9670060863104575	  10.644235	23.93430137	1.1502924	   2.4188707	0.7644462	NA	NA	NA	0.034228328	91.773185214224128	51.792363760772545	8.301282e+00	NA	 11.637428	NA	NA	NA	49.271005023116054	NA	 0.115236357	12.617323583739035	5.7762637677554336	  0.03888437	   34.02841	NA	   0.3457978	0.26176306529951415	24.521933	69.11851798341219	 29.269666
63	PT029	4.9291324409198793	18.743695	27.761257808165038	 1.384468947	173.00460549244809	12.025294304662284	79.51565036778598	1.2676791210182007E-2	  16.7760787	3.230720378764932E-2	21.705662925936643	4.3650576934766283	  36.101831	18.41151793	1.0523879	  16.7760787	1.1080674	1.0422237557989309	NA	1.7805381358153269	0.551079931	583.80142241791839	71.440302928667109	6.365766e+00	12.878418229174473	 14.190000	 39.081177	NA	4.4966672393696838E-2	75.235062686608501	5.136290e-02	 0.136218976	12.894342846553009	3.9093046095969384	 19.89499015	   32.10368	NA	 290.4206364	334.76373717159964	47.680703	57.800096853492462	 22.811145
64	PT030	5.5206301097117256	NA	20.739865789877257	 0.017676798	200.2049626759574	11.484901089065856	12.645050068678968	NA	   2.4269878	2.5549317089250366E-3	39.900464203293048	NA	  12.763925	 4.87550025	0.5839837	   2.4269878	0.6172010	0.52219718117865788	NA	NA	NA	36.860424762786387	40.438768207423543	5.174194e+00	NA	  7.108370	  5.519869	NA	1.4779699780914067E-3	NA	NA	 0.155429679	9.2406874492477833	NA	  0.02802129	   25.89617	NA	  14.2478008	9.2470933427298885	32.454214	34.775505179658275	 18.408937
65	PT031	11.025965495216315	21.466268	20.639470410997458	 0.160391157	114.51024734778571	45.675015730896277	72.045358727131955	5.8109923555546275E-3	   6.6284274	7.5046427842007874E-3	18.071769320896735	13.721186608109916	  36.868921	12.02283384	1.1633893	   6.6284274	1.3372088	0.67182896349285059	NA	NA	0.113387488	161.28844477780842	67.649136112254652	1.359496e+01	NA	 16.434926	 38.289204	9.520330e+00	1.83861255658944E-3	82.158262165586791	NA	 0.260616401	18.26065382007339	NA	  0.42249309	   38.06342	NA	  24.3975846	33.548268786715134	38.345889	168.04054329758804	 19.807848
66	PT032	1.4502806712101155	16.014789	16.30602536912604	 0.104217260	100.40352777306646	9.1556708027545248	11.831000469718866	1.1550461420728329E-3	  14.8975072	1.8266362934215942E-2	22.059561010721939	2.0510084021944373	   9.210839	12.64948568	1.0074207	  14.8975072	0.8591354	NA	NA	NA	0.049537545	73.22848666908429	36.344519103766388	5.865820e+00	NA	 11.013103	NA	NA	NA	NA	NA	 0.143255894	10.614756390813533	NA	  0.22630386	   26.12453	NA	   0.6532318	1.6365598216525314	15.797966	74.793061572162443	 20.038001
67	PT033	3.6743768021740211	23.441629	15.465703250878347	 0.125666083	123.69694929479786	24.881474595627679	22.494507173257066	NA	  19.1419603	1.5497365669905902E-2	39.716506058734836	4.6395998529783364	NA	15.74357749	0.9140428	  19.1419603	1.2180735	0.60681687642671944	NA	NA	0.052677634	49.424942547612474	57.853523554884852	1.145046e+01	NA	 14.392056	NA	NA	1.8443557192215009E-3	98.792769691012865	1.166226e-02	 0.116709995	11.794151971152191	NA	  0.35176094	   29.31702	NA	  11.3372637	7.8480499617167645	22.321060	122.78577156063405	 31.168141
68	PT034	NA	14.406682	9.2706284871059559	 0.006726163	231.3606617510182	16.830424224726936	12.353377193911578	NA	   3.9086369	1.9099342863382961E-2	27.556738258680596	4.3288985857336755	  16.935751	NA	1.0839764	   3.9086369	1.2580787	NA	NA	NA	NA	248.88470059788148	88.646983300852398	6.072681e+00	NA	 18.499542	  7.015645	NA	NA	NA	NA	 0.251448269	18.739358836432228	6.2060765239268427	  0.13082104	   38.62153	NA	   2.8153881	1.5601298332448079	11.137345	55.811833447708551	 40.551036
69	PT035	NA	26.342725	25.158945676061393	 0.357330969	317.29170563154389	9.5026682195431498	36.771085280671315	NA	   2.6814246	1.3072376863155212E-2	38.48786322953746	1.6452801324561139	  40.513570	34.36877748	1.0772351	   2.6814246	1.7482560	0.44766742320783415	NA	NA	NA	98.382719925492026	89.346115211381601	9.227883e+00	NA	 22.314529	NA	NA	NA	45.748947365094203	NA	 0.252437647	26.318380718782233	2.4845489458535557	  0.19860854	   41.58525	NA	   9.0505185	8.9527660599787851	66.856661	NA	 29.705691
