variable	Difference	lwr	upr	p_adj	Groups
6	AIM2	-1.78735684087037	-3.11973341097566	-0.454980270765072	0.00688081251219574	PSNL.typeI-PSL.typeI
4	AIM2	2.74116671526874	0.674371914197314	4.80796151634016	0.00753217177654963	PSL.typeI-PSNL.typeII
12	CCL2	-1.1648832321167	-1.94960516632519	-0.380161297908214	0.0021245453568739	PSNL.typeI-PSL.typeI
10	CCL2	1.30684995651245	0.268760413385831	2.34493949963907	0.00979652523232022	PSL.typeI-PSNL.typeII
18	CCL20	-3.49709801126829	-6.00859463095177	-0.985601391584808	0.00456347137909174	PSNL.typeI-PSL.typeI
15	CCL20	-3.41212384911004	-6.33021922373714	-0.494028474482937	0.0183473245328227	PSNL.typeI-PSL.typeII
24	CCL27	2.09326655069987	1.09036920346721	3.09616389793253	3.13588519440522e-05	PSNL.typeI-PSL.typeI
21	CCL27	1.8841329574585	0.655839574903066	3.11242634001393	0.00150767208249569	PSNL.typeI-PSL.typeII
22	CCL27	-1.95460001627604	-3.28130850192805	-0.627891530624036	0.0022951134745991	PSL.typeI-PSNL.typeII
19	CCL27	1.74546642303467	0.241120402185677	3.24981244388366	0.0186026532432902	PSNL.typeII-PSL.typeII
36	CTLA4	-2.44948929075211	-4.07466379354451	-0.824314787959702	0.00255870083253429	PSNL.typeI-PSL.typeI
33	CTLA4	-2.2704521966359	-4.49581403429	-0.0450903589817893	0.0446599017419527	PSNL.typeI-PSL.typeII
42	CXCL1	-4.29120417435964	-5.82016683709752	-2.76224151162176	6.69895699689782e-07	PSNL.typeI-PSL.typeI
39	CXCL1	-3.40638778209686	-5.24397220835399	-1.56880335583973	0.00022072164803788	PSNL.typeI-PSL.typeII
46	CXCL10	2.69611657482542	0.999868265928708	4.39236488372214	0.00117053568201997	PSL.typeI-PSNL.typeII
48	CXCL10	-1.44380392342198	-2.66608091886582	-0.221526927978132	0.0166985683069991	PSNL.typeI-PSL.typeI
43	CXCL10	-2.09823312893135	-3.98005166851479	-0.21641458934791	0.0251629598535615	PSNL.typeII-PSL.typeII
54	CXCL2	-2.41148336198595	-3.69547066581255	-1.12749605815934	0.000188568609657325	PSNL.typeI-PSL.typeI
51	CXCL2	-1.82085012859768	-3.32645869991806	-0.315241557277307	0.0141647398142642	PSNL.typeI-PSL.typeII
52	CXCL2	1.70406696001689	0.233074707229967	3.1750592128038	0.019416517151173	PSL.typeI-PSNL.typeII
72	FOXP3	-2.11243344168612	-3.27219864197692	-0.952668241395315	0.000215506965035694	PSNL.typeI-PSL.typeI
70	FOXP3	2.07343331221131	0.580128207597006	3.56673841682561	0.00419913182037002	PSL.typeI-PSNL.typeII
82	IFNG	2.69611657482542	0.999868265928708	4.39236488372214	0.00117053568201997	PSL.typeI-PSNL.typeII
84	IFNG	-1.44380392342198	-2.66608091886582	-0.221526927978132	0.0166985683069991	PSNL.typeI-PSL.typeI
79	IFNG	-2.09823312893135	-3.98005166851479	-0.21641458934791	0.0251629598535615	PSNL.typeII-PSL.typeII
90	IFNGR	-0.806477813676655	-1.47222190074389	-0.140733726609421	0.0133773553101065	PSNL.typeI-PSL.typeI
96	IL1b	-3.29004150148758	-5.4341303772326	-1.14595262574256	0.00184681660470265	PSNL.typeI-PSL.typeI
93	IL1b	-3.65383284799749	-6.32798150794122	-0.979684188053754	0.00538271117938394	PSNL.typeI-PSL.typeII
102	IL1F6	-5.02439991633097	-6.02079772537285	-4.0280021072891	1.80644388336759e-12	PSNL.typeI-PSL.typeI
99	IL1F6	-4.74428307215373	-5.96461617864358	-3.52394996566387	4.76984118868984e-10	PSNL.typeI-PSL.typeII
100	IL1F6	2.68118336995443	1.36307296514721	3.99929377476164	4.53626029761622e-05	PSL.typeI-PSNL.typeII
101	IL1F6	-2.34321654637654	-3.66132695118376	-1.02510614156933	0.000273477492063412	PSNL.typeI-PSNL.typeII
97	IL1F6	-2.40106652577718	-3.89566323934	-0.90646981221437	0.000909146647825043	PSNL.typeII-PSL.typeII
108	IL1RN	-1.20051670074463	-2.01875834578873	-0.382275055700525	0.00239339635481817	PSNL.typeI-PSL.typeI
105	IL1RN	-1.33509972890218	-2.33723698722896	-0.332962470575397	0.00600627954141653	PSNL.typeI-PSL.typeII
114	IL22RA1	-0.904690247743137	-1.72435112549164	-0.0850293699946316	0.0267039340214105	PSNL.typeI-PSL.typeI
120	CXCL8	-6.73036664326986	-10.3415025085676	-3.11923077797212	0.000467009735597435	PSNL.typeI-PSL.typeI
117	CXCL8	-6.17640018463135	-10.0768727129172	-2.27592765634546	0.00205308889187084	PSNL.typeI-PSL.typeII
119	CXCL8	-5.96916707356771	-11.6788742108996	-0.25945993623579	0.0391936118333095	PSNL.typeI-PSNL.typeII
126	LCN2	-5.49086265151733	-7.8857969543296	-3.09592834870506	4.44746678398555e-05	PSNL.typeI-PSL.typeI
123	LCN2	-3.13378472714024	-5.99627872333778	-0.271290730942696	0.0297335444750851	PSNL.typeI-PSL.typeII
138	PI3	-8.80584982587994	-11.141478411106	-6.47022124065385	8.9569607286677e-10	PSNL.typeI-PSL.typeI
135	PI3	-8.81200003972193	-11.6725491709532	-5.95145090849069	4.71200692908624e-08	PSNL.typeI-PSL.typeII
136	PI3	6.51206706980558	3.42232087404465	9.6018132655665	2.7219671587142e-05	PSL.typeI-PSNL.typeII
133	PI3	-6.51821728364757	-10.0216601614867	-3.01477440580845	0.000152837785106663	PSNL.typeII-PSL.typeII
144	PYCARD	-1.00371281701426	-1.61579883348795	-0.39162680054057	0.000793788381190152	PSNL.typeI-PSL.typeI
141	PYCARD	-1.0769294727311	-1.819973714658	-0.3338852308042	0.00286780038173451	PSNL.typeI-PSL.typeII
150	S100A8	-7.56676653366329	-9.78536906486393	-5.34816400246266	6.67946131738262e-09	PSNL.typeI-PSL.typeI
147	S100A8	-7.5891498102441	-10.3063718819885	-4.87192773849973	2.82038880139446e-07	PSNL.typeI-PSL.typeII
148	S100A8	4.76306667325812	1.82813139543047	7.69800195108576	0.000810680501913019	PSL.typeI-PSNL.typeII
145	S100A8	-4.78544994983892	-8.11335374663988	-1.45754615303797	0.00292621782062652	PSNL.typeII-PSL.typeII
156	S100A9	-8.33174083851002	-10.9350696937949	-5.72841198322516	4.14805712001254e-08	PSNL.typeI-PSL.typeI
153	S100A9	-8.10064840669985	-11.180948648602	-5.02034816479773	1.19623764915922e-06	PSNL.typeI-PSL.typeII
154	S100A9	4.82734245724148	1.50873629889232	8.14594861559064	0.00276819054693256	PSL.typeI-PSNL.typeII
151	S100A9	-4.59625002543131	-8.30085193194387	-0.891648118918756	0.0113192785260599	PSNL.typeII-PSL.typeII
155	S100A9	-3.50439838126854	-6.8230045396177	-0.185792222919379	0.0358661218840736	PSNL.typeI-PSNL.typeII
