variable	Difference	lwr	upr	p_adj	Groups
1	AIM2	-2.90620772043864	-5.33026746372784	-0.482147977149434	0.00855593899923734	PSNL.early.0_10-PSL.early.0_10
5	AIM2	-2.69686084323459	-4.90971451346739	-0.484007173001792	0.00709726677354727	PSNL.early.10_20-PSL.early.0_10
7	AIM2	-3.41766659418742	-6.38652133272769	-0.448811855647153	0.0133245959338634	PSNL.late.10_20-PSL.early.0_10
9	AIM2	-2.6299162819272	-4.7786155899703	-0.481216973884099	0.00675385572088005	PSNL.early.20_Inf-PSL.early.0_10
56	CCL2	-1.28206634521484	-2.54302297690944	-0.0211097135202434	0.0430542326002643	PSNL.early.0_10-PSL.early.0_10
60	CCL2	-1.22389996846517	-2.31592044458315	-0.131879492347187	0.0161188714158419	PSNL.early.10_20-PSL.early.0_10
69	CCL2	1.14918327331543	0.0571627971974482	2.24120374943341	0.0310659995341972	PSL.early.10_20-PSNL.early.0_10
73	CCL2	1.36246644655863	0.225855498630823	2.49907739448644	0.00732795112202944	PSL.early.20_Inf-PSNL.early.0_10
94	CCL2	-1.09101689656575	-1.98264788161915	-0.199385911512356	0.00565009744793399	PSNL.early.10_20-PSL.early.10_20
101	CCL2	1.3327448103163	0.0202995368163048	2.64519008381629	0.0435509927766012	PSL.late.10_20-PSNL.early.10_20
103	CCL2	1.30430006980896	0.358582596038009	2.25001754357991	0.00103538739795406	PSL.early.20_Inf-PSNL.early.10_20
126	CCL20	-3.57274145805395	-6.75045633301196	-0.39502658309594	0.015988822575723	PSNL.early.10_20-PSL.early.0_10
133	CCL20	5.03483411403498	0.483616339207403	9.58605188886256	0.018997918086382	PSL.late.0_10-PSNL.early.0_10
145	CCL20	-5.34554192481706	-9.11921234939189	-1.57187150024224	0.000775598670326727	PSNL.early.10_20-PSL.late.0_10
147	CCL20	-6.82599946289857	-13.2623933653732	-0.389605560423914	0.0291138282016548	PSNL.late.10_20-PSL.late.0_10
160	CCL20	-3.94897909685926	-6.73601941101242	-1.1619387827061	0.000772457306034924	PSNL.early.10_20-PSL.early.10_20
169	CCL20	4.00770818934548	1.22066787519232	6.79474850349864	0.000613131300343128	PSL.early.20_Inf-PSNL.early.10_20
171	CCL20	4.09231924708059	0.318648822505768	7.86598967165541	0.0233329837729992	PSL.late.20_Inf-PSNL.early.10_20
188	CCL27	2.00560048421224	0.420045828498493	3.59115513992598	0.0036429369340043	PSNL.early.0_10-PSL.early.0_10
190	CCL27	2.13355606926812	0.302715254685729	3.96439688385051	0.0103198144589616	PSNL.late.0_10-PSL.early.0_10
192	CCL27	2.67260011037191	1.29946949943511	4.0457307213087	1.16221173462883e-06	PSNL.early.10_20-PSL.early.0_10
194	CCL27	2.52133413950602	0.423842484946421	4.61882579406563	0.00707679780620318	PSNL.late.10_20-PSL.early.0_10
196	CCL27	2.30683371225993	0.877634059453289	3.73603336506657	6.70920357959126e-05	PSNL.early.20_Inf-PSL.early.0_10
198	CCL27	1.89077792697483	0.0599371123924364	3.72161874155722	0.0372331192658693	PSNL.late.20_Inf-PSL.early.0_10
201	CCL27	-1.64549986521403	-3.01863047615082	-0.272369254277237	0.00735482192034331	PSL.early.10_20-PSNL.early.0_10
203	CCL27	-2.42159966362847	-4.25244047821086	-0.590758849046075	0.00194319919726771	PSL.late.10_20-PSNL.early.0_10
205	CCL27	-2.12764158248901	-3.55684123529565	-0.698441929682373	0.000295045214478651	PSL.early.20_Inf-PSNL.early.0_10
218	CCL27	-1.77345545026991	-3.42375305881718	-0.123157841722644	0.0251903209431364	PSL.early.10_20-PSNL.late.0_10
220	CCL27	-2.54955524868435	-4.596497507378	-0.50261298999069	0.00448107171290624	PSL.late.10_20-PSNL.late.0_10
222	CCL27	-2.25559716754489	-3.95283202744726	-0.55836230764253	0.00181244412459869	PSL.early.20_Inf-PSNL.late.0_10
226	CCL27	2.3124994913737	1.19134304237661	3.43365594037079	2.75815948969083e-07	PSNL.early.10_20-PSL.early.10_20
228	CCL27	2.16123352050781	0.219333587611349	4.10313345340428	0.0174052079760617	PSNL.late.10_20-PSL.early.10_20
230	CCL27	1.94673309326172	0.75756710147641	3.13589908504703	5.09366541442402e-05	PSNL.early.20_Inf-PSL.early.10_20
233	CCL27	-3.08859928978813	-4.7388968983354	-1.43830168124087	2.92508604271546e-06	PSL.late.10_20-PSNL.early.10_20
235	CCL27	-2.79464120864868	-3.98380720043399	-1.60547521686337	7.92256904524891e-09	PSL.early.20_Inf-PSNL.early.10_20
237	CCL27	-2.36682190365262	-4.01711951219989	-0.716524295105357	0.000554016180764116	PSL.late.20_Inf-PSNL.early.10_20
239	CCL27	2.93733331892225	0.648782300694263	5.22588433715024	0.00298172038169775	PSNL.late.10_20-PSL.late.10_20
241	CCL27	2.72283289167616	1.02559803177379	4.42006775157852	7.54274189659343e-05	PSNL.early.20_Inf-PSL.late.10_20
243	CCL27	2.30677710639105	0.259834847697397	4.35371936508471	0.0151662818518478	PSNL.late.20_Inf-PSL.late.10_20
244	CCL27	-2.6433752377828	-4.62531855742498	-0.661431918140617	0.00171977448693694	PSL.early.20_Inf-PSNL.late.10_20
248	CCL27	2.4288748105367	1.17538379385182	3.68236582722159	1.29356912048628e-06	PSNL.early.20_Inf-PSL.early.20_Inf
250	CCL27	2.0128190252516	0.315584165349237	3.71005388515397	0.00836071384811099	PSNL.late.20_Inf-PSL.early.20_Inf
251	CCL27	-2.00105550554065	-3.69829036544301	-0.303820645638282	0.00897716275762528	PSL.late.20_Inf-PSNL.early.20_Inf
324	CTLA4	-3.3583187466576	-5.98483490440356	-0.731802588911636	0.00347905403590787	PSNL.early.10_20-PSL.early.0_10
358	CTLA4	-2.57938595272246	-4.78992869487605	-0.368843210568865	0.0107014391377056	PSNL.early.10_20-PSL.early.10_20
365	CTLA4	3.82845297313872	0.231947605015566	7.42495834126187	0.0281926257368206	PSL.late.10_20-PSNL.early.10_20
367	CTLA4	2.48595274062384	0.0882824952084036	4.88362298603927	0.0361913920678154	PSL.early.20_Inf-PSNL.early.10_20
386	CXCL1	-4.64279975891113	-7.34431706485221	-1.94128245297005	2.73731349689221e-05	PSNL.early.0_10-PSL.early.0_10
388	CXCL1	-4.20051087273491	-7.31995436034594	-1.08106738512389	0.00171967830679154	PSNL.late.0_10-PSL.early.0_10
390	CXCL1	-4.74840009780157	-7.24951911952521	-2.24728107607793	3.42286597110331e-06	PSNL.early.10_20-PSL.early.0_10
393	CXCL1	-3.2683580716451	-5.70347286367607	-0.833243279614128	0.00180143645390274	PSNL.early.20_Inf-PSL.early.0_10
398	CXCL1	3.98081655502319	1.64123393931492	6.32039917073146	3.32977510628663e-05	PSL.early.10_20-PSNL.early.0_10
400	CXCL1	3.8414005279541	0.721957040343076	6.96084401556513	0.00567549415265522	PSL.late.10_20-PSNL.early.0_10
401	CXCL1	4.97906683286031	2.54395204082934	7.41418162489128	6.26129019742905e-07	PSL.early.20_Inf-PSNL.early.0_10
403	CXCL1	4.71751124064128	1.59806775303025	7.83695472825231	0.000282994735809061	PSL.late.20_Inf-PSNL.early.0_10
409	CXCL1	3.08222243520948	0.190420926034316	5.97402394438464	0.0279516408638911	PSL.early.20_Inf-PSL.late.0_10
413	CXCL1	3.53852766884698	0.726699307473534	6.35035603022042	0.00431211187318847	PSL.early.10_20-PSNL.late.0_10
416	CXCL1	4.53677794668409	1.64497643750893	7.42857945585925	0.000150329374547953	PSL.early.20_Inf-PSNL.late.0_10
418	CXCL1	4.27522235446506	0.787578509331425	7.7628661995987	0.00600657547347161	PSL.late.20_Inf-PSNL.late.0_10
420	CXCL1	-4.08641689391363	-6.19142221985773	-1.98141156796953	2.08273218138544e-06	PSNL.early.10_20-PSL.early.10_20
423	CXCL1	-2.60637486775716	-4.63251284721297	-0.580236888301355	0.00323374395039433	PSNL.early.20_Inf-PSL.early.10_20
426	CXCL1	3.94700086684454	0.999403832152124	6.89459790153696	0.00186197926489207	PSL.late.10_20-PSNL.early.10_20
427	CXCL1	5.08466717175075	2.87396939573143	7.29536494777006	3.26065360267691e-08	PSL.early.20_Inf-PSNL.early.10_20
429	CXCL1	4.82311157953172	1.8755145448393	7.77070861422414	7.01077127799321e-05	PSL.late.20_Inf-PSNL.early.10_20
435	CXCL1	-3.60462514559428	-5.74036210187821	-1.46888818931034	3.89715367556942e-05	PSNL.early.20_Inf-PSL.early.20_Inf
438	CXCL1	3.34306955337525	0.451268044200087	6.23487106255041	0.0119743626819696	PSL.late.20_Inf-PSNL.early.20_Inf
443	CXCL10	-3.40686686254089	-6.11504604689574	-0.698687678186028	0.00407200866268986	PSNL.late.0_10-PSL.early.0_10
445	CXCL10	-2.14651492395424	-3.95196771352415	-0.341062134384338	0.00831045535102515	PSNL.early.10_20-PSL.early.0_10
447	CXCL10	-3.40161643147331	-6.10979561582817	-0.693437247118455	0.00415575750175246	PSNL.late.10_20-PSL.early.0_10
451	CXCL10	-2.59525532293931	-4.9591479149031	-0.231362730975517	0.0203774949983639	PSNL.late.20_Inf-PSL.early.0_10
467	CXCL10	2.34297153536592	0.151584452343606	4.53435861838823	0.0267213398704709	PSL.early.20_Inf-PSL.late.0_10
471	CXCL10	3.23993342205356	0.732646699392198	5.74722014471492	0.00283456512944458	PSL.early.10_20-PSNL.late.0_10
473	CXCL10	3.17494439479506	0.220078654840323	6.1298101347498	0.0254268692636105	PSL.late.10_20-PSNL.late.0_10
475	CXCL10	3.65558337562223	1.09659458004912	6.21457217119534	0.000637875884579087	PSL.early.20_Inf-PSNL.late.0_10
476	CXCL10	2.96483359715228	0.369545275094822	5.56012191920973	0.0132302644053737	PSNL.early.20_Inf-PSNL.late.0_10
479	CXCL10	-1.97958148346692	-3.46683129114106	-0.492331675792779	0.00186718135757546	PSNL.early.10_20-PSL.early.10_20
481	CXCL10	-3.23468299098599	-5.74196971364735	-0.727396268324625	0.00289856403821198	PSNL.late.10_20-PSL.early.10_20
485	CXCL10	-2.42832188245198	-4.55910586995571	-0.297537894948251	0.0135936661004606	PSNL.late.20_Inf-PSL.early.10_20
488	CXCL10	2.39523143703559	0.822384039268878	3.9680788348023	0.000219247595131478	PSL.early.20_Inf-PSNL.early.10_20
489	CXCL10	1.70448165856564	0.0732407948668949	3.33572252226438	0.0334414275108019	PSNL.early.20_Inf-PSNL.early.10_20
492	CXCL10	-3.16969396372749	-6.12455970368223	-0.21482822377275	0.0258537373299738	PSNL.late.10_20-PSL.late.10_20
497	CXCL10	3.65033294455466	1.09134414898155	6.20932174012776	0.000652679015277102	PSL.early.20_Inf-PSNL.late.10_20
498	CXCL10	2.9595831660847	0.36429484402725	5.55487148814216	0.0134964083631263	PSNL.early.20_Inf-PSNL.late.10_20
503	CXCL10	-2.84397183602065	-5.03535891904296	-0.652584752998338	0.00267035014322692	PSNL.late.20_Inf-PSL.early.20_Inf
507	CXCL2	-2.37847785949707	-4.57381848459232	-0.18313723440182	0.0239956383277139	PSNL.early.0_10-PSL.early.0_10
511	CXCL2	-1.95064403745863	-3.77092432257494	-0.130363752342326	0.0266992068303691	PSNL.early.10_20-PSL.early.0_10
513	CXCL2	-3.49053300221761	-6.00561164989528	-0.975454354539949	0.00120856185095908	PSNL.late.10_20-PSL.early.0_10
520	CXCL2	2.18948198247839	0.185419346191453	4.19354461876532	0.0220862830655698	PSL.early.10_20-PSNL.early.0_10
524	CXCL2	2.91256391434442	0.838162008244737	4.98696582044411	0.00102140562325348	PSL.early.20_Inf-PSNL.early.0_10
526	CXCL2	2.60516707102457	0.150701635284643	5.0596325067645	0.0292632258294259	PSL.late.20_Inf-PSNL.early.0_10
545	CXCL2	-1.76164816043995	-3.34599878651703	-0.17729753436287	0.0184798383571636	PSNL.early.10_20-PSL.early.10_20
547	CXCL2	-3.30153712519893	-5.65150886842731	-0.951565381970548	0.00101213731474747	PSNL.late.10_20-PSL.early.10_20
554	CXCL2	2.48473009230598	0.812293808252237	4.15716637635973	0.000433826034588303	PSL.early.20_Inf-PSNL.early.10_20
556	CXCL2	2.17733324898614	0.0517038289245138	4.30296266904776	0.0405714770579838	PSL.late.20_Inf-PSNL.early.10_20
558	CXCL2	-2.98677794138591	-5.73095372275497	-0.242602160016841	0.0229315975105969	PSNL.late.10_20-PSL.late.10_20
563	CXCL2	4.02461905706496	1.61438184636546	6.43485626776446	6.06565264357206e-05	PSL.early.20_Inf-PSNL.late.10_20
565	CXCL2	3.71722221374512	0.973046432376051	6.46139799511418	0.00170329260989777	PSL.late.20_Inf-PSNL.late.10_20
567	CXCL2	-1.97321931748163	-3.73340770313289	-0.213030931830365	0.0169797455122361	PSNL.early.20_Inf-PSL.early.20_Inf
694	FOXP3	-2.51659978236127	-4.35672353662557	-0.676476028096973	0.00119595860339905	PSNL.early.0_10-PSL.early.0_10
696	FOXP3	-2.48245517963067	-4.60724706936411	-0.35766328989724	0.0100616005208826	PSNL.late.0_10-PSL.early.0_10
698	FOXP3	-2.44936284092044	-4.07219945270906	-0.826526229131822	0.000237450589140598	PSNL.early.10_20-PSL.early.0_10
700	FOXP3	-3.28940010932912	-5.72365502701205	-0.855145191646187	0.00143419807905809	PSNL.late.10_20-PSL.early.0_10
702	FOXP3	-2.17544135674074	-3.83410649404054	-0.516776219440932	0.00222090901160477	PSNL.early.20_Inf-PSL.early.0_10
707	FOXP3	2.37811666398287	0.78452274668279	3.97171058128294	0.000289302155484061	PSL.early.10_20-PSNL.early.0_10
724	FOXP3	2.34397206125227	0.428710534221288	4.25923358828325	0.00567817742535026	PSL.early.10_20-PSNL.late.0_10
732	FOXP3	-2.31087972254204	-3.64769863728316	-0.974060807800913	1.753674406757e-05	PSNL.early.10_20-PSL.early.10_20
734	FOXP3	-3.15091699095071	-5.40459912171175	-0.897234860189679	0.00084948110209182	PSNL.late.10_20-PSL.early.10_20
736	FOXP3	-2.03695823836233	-3.41705105406055	-0.656865422664109	0.000349463662093985	PSNL.early.20_Inf-PSL.early.10_20
745	FOXP3	-2.7527228522198	-5.40871271438659	-0.0967329900530114	0.0360277145396866	PSNL.late.10_20-PSL.late.10_20
828	IFNG	-3.40686686254089	-6.11504604689574	-0.698687678186028	0.00407200866268986	PSNL.late.0_10-PSL.early.0_10
830	IFNG	-2.14651492395424	-3.95196771352415	-0.341062134384338	0.00831045535102515	PSNL.early.10_20-PSL.early.0_10
832	IFNG	-3.40161643147331	-6.10979561582817	-0.693437247118455	0.00415575750175246	PSNL.late.10_20-PSL.early.0_10
836	IFNG	-2.59525532293931	-4.9591479149031	-0.231362730975517	0.0203774949983639	PSNL.late.20_Inf-PSL.early.0_10
852	IFNG	2.34297153536592	0.151584452343606	4.53435861838823	0.0267213398704709	PSL.early.20_Inf-PSL.late.0_10
856	IFNG	3.23993342205356	0.732646699392198	5.74722014471492	0.00283456512944458	PSL.early.10_20-PSNL.late.0_10
858	IFNG	3.17494439479506	0.220078654840323	6.1298101347498	0.0254268692636105	PSL.late.10_20-PSNL.late.0_10
860	IFNG	3.65558337562223	1.09659458004912	6.21457217119534	0.000637875884579087	PSL.early.20_Inf-PSNL.late.0_10
861	IFNG	2.96483359715228	0.369545275094822	5.56012191920973	0.0132302644053737	PSNL.early.20_Inf-PSNL.late.0_10
864	IFNG	-1.97958148346692	-3.46683129114106	-0.492331675792779	0.00186718135757546	PSNL.early.10_20-PSL.early.10_20
866	IFNG	-3.23468299098599	-5.74196971364735	-0.727396268324625	0.00289856403821198	PSNL.late.10_20-PSL.early.10_20
870	IFNG	-2.42832188245198	-4.55910586995571	-0.297537894948251	0.0135936661004606	PSNL.late.20_Inf-PSL.early.10_20
873	IFNG	2.39523143703559	0.822384039268878	3.9680788348023	0.000219247595131478	PSL.early.20_Inf-PSNL.early.10_20
874	IFNG	1.70448165856564	0.0732407948668949	3.33572252226438	0.0334414275108019	PSNL.early.20_Inf-PSNL.early.10_20
877	IFNG	-3.16969396372749	-6.12455970368223	-0.21482822377275	0.0258537373299738	PSNL.late.10_20-PSL.late.10_20
882	IFNG	3.65033294455466	1.09134414898155	6.20932174012776	0.000652679015277102	PSL.early.20_Inf-PSNL.late.10_20
883	IFNG	2.9595831660847	0.36429484402725	5.55487148814216	0.0134964083631263	PSNL.early.20_Inf-PSNL.late.10_20
888	IFNG	-2.84397183602065	-5.03535891904296	-0.652584752998338	0.00267035014322692	PSNL.late.20_Inf-PSL.early.20_Inf
970	IL1b	4.00509254992138	0.758187703279996	7.25199739656276	0.00588593931055481	PSL.early.10_20-PSNL.early.0_10
973	IL1b	4.40659027634711	1.10934281755796	7.70383773513626	0.00210402562131495	PSL.early.20_Inf-PSNL.early.0_10
975	IL1b	4.24388843154944	0.267258372728921	8.22051849036997	0.0279590924587042	PSL.late.20_Inf-PSNL.early.0_10
992	IL1b	-3.52198167203061	-5.88854991801885	-1.15541342604237	0.000434651469464198	PSNL.early.10_20-PSL.early.10_20
997	IL1b	-4.44173114808321	-8.24906456391667	-0.634397732249764	0.0112126339083954	PSNL.late.20_Inf-PSL.early.10_20
999	IL1b	3.92347939845634	1.48830076347531	6.35865803343738	0.000117013461430782	PSL.early.20_Inf-PSNL.early.10_20
1001	IL1b	3.76077755365868	0.463530094869526	7.05802501244783	0.0143237972251957	PSL.late.20_Inf-PSNL.early.10_20
1007	IL1b	-2.81786034033549	-5.33850970060559	-0.297210980065378	0.0176727863281092	PSNL.early.20_Inf-PSL.early.20_Inf
1009	IL1b	-4.84322887450895	-8.69358437246888	-0.992873376549021	0.00463147641118111	PSNL.late.20_Inf-PSL.early.20_Inf
1012	IL1b	-4.68052702971128	-9.12653459615712	-0.234519463265443	0.0317695642074182	PSNL.late.20_Inf-PSL.late.20_Inf
1013	IL1F6	-4.67899958292643	-7.90448183824247	-1.45351732761039	0.000458526649000701	PSNL.early.0_10-PSL.early.0_10
1017	IL1F6	-4.65218311945597	-7.44553269201558	-1.85883354689635	3.61927118173178e-05	PSNL.early.10_20-PSL.early.0_10
1019	IL1F6	-4.31653258005778	-8.58344453296677	-0.0496206271487836	0.0450782647254088	PSNL.late.10_20-PSL.early.0_10
1021	IL1F6	-3.93809557755788	-6.84550599246818	-1.03068516264758	0.00136516645895512	PSNL.early.20_Inf-PSL.early.0_10
1024	IL1F6	3.82024455600314	0.0957784592569912	7.5447106527493	0.0396954916148148	PSL.late.0_10-PSNL.early.0_10
1026	IL1F6	4.65221668879191	1.85886711623229	7.44556626135152	3.61874658605377e-05	PSL.early.10_20-PSNL.early.0_10
1028	IL1F6	4.21857778761121	0.49411169086506	7.94304388435737	0.0143290707129798	PSL.late.10_20-PSNL.early.0_10
1030	IL1F6	4.51267476081848	1.60526434590817	7.42008517572878	0.000140160032610304	PSL.early.20_Inf-PSNL.early.0_10
1036	IL1F6	-3.79342809253269	-7.15061646391906	-0.436239721146316	0.0147217533909657	PSNL.early.10_20-PSL.late.0_10
1043	IL1F6	3.6349722650316	0.277783893645234	6.99216063641797	0.0233153136521569	PSL.early.10_20-PSNL.late.0_10
1047	IL1F6	3.49543033705817	0.0427578580671817	6.94810281604916	0.0447741764939972	PSL.early.20_Inf-PSNL.late.0_10
1051	IL1F6	-4.62540022532145	-6.9061606006523	-2.3446398499906	4.23283146533393e-07	PSNL.early.10_20-PSL.early.10_20
1053	IL1F6	-4.28974968592326	-8.24014253588616	-0.339356835960363	0.0226200580978393	PSNL.late.10_20-PSL.early.10_20
1055	IL1F6	-3.91131268342336	-6.33042437491039	-1.49220099193633	6.49089774136247e-05	PSNL.early.20_Inf-PSL.early.10_20
1058	IL1F6	4.19176132414075	0.834572952754385	7.54894969552712	0.00433797473996433	PSL.late.10_20-PSNL.early.10_20
1060	IL1F6	4.48585829734802	2.06674660586099	6.90496998883505	3.61469410947723e-06	PSL.early.20_Inf-PSNL.early.10_20
1066	IL1F6	-3.47767378224267	-6.93034626123366	-0.0250013032516758	0.0468825617385683	PSNL.early.20_Inf-PSL.late.10_20
1069	IL1F6	4.15020775794983	0.118354938804776	8.18206057709488	0.0384017294971496	PSL.early.20_Inf-PSNL.late.10_20
1073	IL1F6	-3.77177075544993	-6.32173837526379	-1.22180313563607	0.000329701183248488	PSNL.early.20_Inf-PSL.early.20_Inf
1092	IL1RN	1.31856667200724	0.174500915528462	2.46263242848602	0.0117476448324425	PSL.early.10_20-PSNL.early.0_10
1098	IL1RN	1.60571068657769	0.0802896779393119	3.13113169521606	0.0309825788902475	PSL.late.20_Inf-PSNL.early.0_10
1117	IL1RN	-1.01470015843709	-1.94882593695851	-0.080574379915677	0.022543862419289	PSNL.early.10_20-PSL.early.10_20
1121	IL1RN	-1.16105006535848	-2.15184007406897	-0.170260056647995	0.00965929421381007	PSNL.early.20_Inf-PSL.early.10_20
1142	IL1RN	1.44819407992892	0.034090957872942	2.86229720198491	0.0402795623503897	PSL.late.20_Inf-PSNL.early.20_Inf
1183	IL22RA1	-0.94676334381933	-1.88792325513211	-0.00560343250655448	0.0474301255997146	PSNL.early.10_20-PSL.early.10_20
1215	CXCL8	-8.04283315870497	-14.0295562348438	-2.05611008256616	0.00225986738589767	PSNL.early.10_20-PSL.early.0_10
1249	CXCL8	-7.69715025160048	-13.093509507356	-2.30079099584498	0.00101617645201912	PSNL.early.10_20-PSL.early.10_20
1256	CXCL8	8.22972276475694	1.53636288440043	14.9230826451135	0.00662101148556438	PSL.late.10_20-PSNL.early.10_20
1258	CXCL8	8.84912535879347	3.2992845313033	14.3989661862836	0.000196423659146627	PSL.early.20_Inf-PSNL.early.10_20
1260	CXCL8	8.52238930596245	1.82902942560594	15.215749186319	0.00439969087936654	PSL.late.20_Inf-PSNL.early.10_20
1277	LCN2	-7.47213077259545	-11.9312601870326	-3.01300135815834	9.84315677118319e-05	PSNL.early.0_10-PSL.early.0_10
1279	LCN2	-4.20533299047856	-8.09758024290944	-0.313085738047666	0.0256609515354579	PSNL.late.0_10-PSL.early.0_10
1281	LCN2	-4.08504178325275	-7.45582678166808	-0.714256784837413	0.00806305411018093	PSNL.early.10_20-PSL.early.0_10
1284	LCN2	-3.86730491500665	-7.23808991342198	-0.496519916591317	0.0143691426765908	PSNL.early.20_Inf-PSL.early.0_10
1289	LCN2	7.56273005983964	3.28948013506098	11.8359799846183	3.96154024040474e-05	PSL.early.10_20-PSNL.early.0_10
1291	LCN2	6.79179150109451	1.46211245223475	12.1214705499543	0.00455214281166372	PSL.late.10_20-PSNL.early.0_10
1292	LCN2	7.89380243668086	3.6205525119022	12.1670523614595	1.87722148777825e-05	PSL.early.20_Inf-PSNL.early.0_10
1294	LCN2	7.38726433903453	2.05758529017477	12.7169433878943	0.00159747544603439	PSL.late.20_Inf-PSNL.early.0_10
1300	LCN2	3.92050631857145	0.242678364604813	7.59833427253808	0.0290058466551731	PSL.early.20_Inf-PSL.late.0_10
1304	LCN2	4.29593227772275	0.618104323756116	7.97376023168938	0.0119542191439189	PSL.early.10_20-PSNL.late.0_10
1307	LCN2	4.62700465456397	0.949176700597335	8.3048326085306	0.00528836328628857	PSL.early.20_Inf-PSNL.late.0_10
1311	LCN2	-4.17564107049694	-7.29638157404165	-1.05490056695224	0.00251381232240522	PSNL.early.10_20-PSL.early.10_20
1314	LCN2	-3.95790420225085	-7.07864470579555	-0.837163698706143	0.00481493987441572	PSNL.early.20_Inf-PSL.early.10_20
1318	LCN2	4.50671344733816	1.38597294379346	7.62745395088286	0.000918974290511354	PSL.early.20_Inf-PSNL.early.10_20
1326	LCN2	-4.28897657909206	-7.40971708263677	-1.16823607554736	0.00178495158546044	PSNL.early.20_Inf-PSL.early.20_Inf
1398	PI3	-9.32593318982574	-13.3615276925034	-5.29033868714809	1.28237724883462e-08	PSNL.early.0_10-PSL.early.0_10
1400	PI3	-6.64900003164727	-11.3089031765695	-1.98909688672505	0.000602506084803056	PSNL.late.0_10-PSL.early.0_10
1402	PI3	-8.81896652147183	-12.3138938801635	-5.32403916278016	9.51318579467397e-10	PSNL.early.10_20-PSL.early.0_10
1404	PI3	-10.2218331727386	-15.5604228959308	-4.88324344954637	1.71800740766948e-06	PSNL.late.10_20-PSL.early.0_10
1406	PI3	-6.46449993408811	-10.1021356606843	-2.82686420749189	9.32032561373752e-06	PSNL.early.20_Inf-PSL.early.0_10
1408	PI3	-5.89022219714913	-10.5501253420714	-1.23031905222691	0.00367822565399334	PSNL.late.20_Inf-PSL.early.0_10
1409	PI3	7.8203780796753	3.16047493475307	12.4802812245975	3.10186311213156e-05	PSL.late.0_10-PSNL.early.0_10
1411	PI3	9.27639991816043	5.78147255946876	12.7713272768521	1.9263746153797e-10	PSL.early.10_20-PSNL.early.0_10
1413	PI3	9.34793354501121	4.68803040008898	14.0078366899334	5.55572862492859e-07	PSL.late.10_20-PSNL.early.0_10
1415	PI3	9.83664165701773	6.19900593042151	13.4742773836139	1.0409428874425e-10	PSL.early.20_Inf-PSNL.early.0_10
1417	PI3	9.60915532472193	4.94925217979971	14.2690584696442	2.77558395156419e-07	PSL.late.20_Inf-PSNL.early.0_10
1421	PI3	-7.31341141132139	-11.5137913432496	-3.11303147939315	1.44591137236638e-05	PSNL.early.10_20-PSL.late.0_10
1423	PI3	-8.71627806258815	-14.5411569937409	-2.89139913143537	0.000269740283800113	PSNL.late.10_20-PSL.late.0_10
1425	PI3	-4.95894482393767	-9.27879065561073	-0.639098992264603	0.0123014973454137	PSNL.early.20_Inf-PSL.late.0_10
1428	PI3	6.59946675998196	2.39908682805372	10.7998466919102	0.000111877338496491	PSL.early.10_20-PSNL.late.0_10
1430	PI3	6.67100038683274	1.46107028652716	11.8809304871383	0.00308184077366547	PSL.late.10_20-PSNL.late.0_10
1432	PI3	7.15970849883926	2.83986266716619	11.4795543305123	3.98812137876181e-05	PSL.early.20_Inf-PSNL.late.0_10
1434	PI3	6.93222216654347	1.72229206623789	12.142152266849	0.00178076870755917	PSL.late.20_Inf-PSNL.late.0_10
1436	PI3	-8.76943324980653	-11.623029488769	-5.91583701084401	0	PSNL.early.10_20-PSL.early.10_20
1438	PI3	-10.1722999010733	-15.1148735712438	-5.22972623090275	2.91635418925296e-07	PSNL.late.10_20-PSL.early.10_20
1440	PI3	-6.4149666624228	-9.44166253943103	-3.38827078541457	1.36420693741535e-07	PSNL.early.20_Inf-PSL.early.10_20
1442	PI3	-5.84068892548383	-10.0410688574121	-1.64030899355558	0.00091092062885223	PSNL.late.20_Inf-PSL.early.10_20
1443	PI3	8.8409668766573	4.64058694472906	13.0413468085855	1.63568277811166e-07	PSL.late.10_20-PSNL.early.10_20
1445	PI3	9.32967498866382	6.30297911165559	12.3563708656721	0	PSL.early.20_Inf-PSNL.early.10_20
1447	PI3	9.10218865636803	4.90180872443978	13.3025685882963	7.57621584357437e-08	PSL.late.20_Inf-PSNL.early.10_20
1449	PI3	-10.2438335279241	-16.0687124590768	-4.41895459677128	1.16805979926138e-05	PSNL.late.10_20-PSL.late.10_20
1451	PI3	-6.48650028927358	-10.8063461209466	-2.16665445760051	0.000253940039971701	PSNL.early.20_Inf-PSL.late.10_20
1453	PI3	-5.9122225523346	-11.1221526526402	-0.702292452029028	0.0140285384624141	PSNL.late.20_Inf-PSL.late.10_20
1454	PI3	10.7325416399306	5.68804851158352	15.7770347682776	1.23384981343122e-07	PSL.early.20_Inf-PSNL.late.10_20
1456	PI3	10.5050553076348	4.680176376482	16.3299342387876	6.74968739944326e-06	PSL.late.20_Inf-PSNL.late.10_20
1458	PI3	-6.97520840128009	-10.1656259866091	-3.78479081595113	5.96704963218286e-08	PSNL.early.20_Inf-PSL.early.20_Inf
1460	PI3	-6.40093066434112	-10.7207764960142	-2.08108483266806	0.000319870923878973	PSNL.late.20_Inf-PSL.early.20_Inf
1461	PI3	6.7477220689843	2.42787623731124	11.0675679006574	0.000124667778200749	PSL.late.20_Inf-PSNL.early.20_Inf
1463	PI3	-6.17344433204533	-11.3833744323509	-0.963514231739755	0.00844731472772364	PSNL.late.20_Inf-PSL.late.20_Inf
1477	PYCARD	1.48388328294464	0.376284667605321	2.59148189828396	0.00165197624495084	PSL.early.10_20-PSNL.early.0_10
1481	PYCARD	1.35376670088938	0.200941511585565	2.50659189019319	0.00952078198608308	PSL.early.20_Inf-PSNL.early.0_10
1483	PYCARD	1.67282251849929	0.196024364713536	3.14962067228505	0.0144281581272021	PSL.late.20_Inf-PSNL.early.0_10
1502	PYCARD	-0.94987578644737	-1.87900758273037	-0.0207439901643717	0.0409779713381375	PSNL.early.10_20-PSL.early.10_20
1506	PYCARD	-0.995408107815773	-1.95461664589609	-0.0361995697354555	0.0356278462996128	PSNL.early.20_Inf-PSL.early.10_20
1530	S100A8	-9.64609978674207	-13.3121290482846	-5.98007052519957	2.96505153762894e-10	PSNL.early.0_10-PSL.early.0_10
1532	S100A8	-5.27166654304977	-9.50483250506699	-1.03850058103256	0.00452857324744793	PSNL.late.0_10-PSL.early.0_10
1534	S100A8	-7.19381476890118	-10.4269486772769	-3.96068086052544	4.06109355033379e-08	PSNL.early.10_20-PSL.early.0_10
1536	S100A8	-5.80016676703781	-10.6498676296014	-0.950465904474194	0.00758382802186175	PSNL.late.10_20-PSL.early.0_10
1538	S100A8	-5.28187488498635	-8.58638900494707	-1.97736076502564	8.33967255507995e-05	PSNL.early.20_Inf-PSL.early.0_10
1540	S100A8	-4.28511121617512	-8.51827717819233	-0.0519452541579	0.0448318373728795	PSNL.late.20_Inf-PSL.early.0_10
1541	S100A8	8.74198887824884	4.50882291623163	12.9751548402661	2.88174797247187e-07	PSL.late.0_10-PSNL.early.0_10
1542	S100A8	4.37443324369229	0.141267281675078	8.60759920570951	0.0370464368362827	PSNL.late.0_10-PSNL.early.0_10
1543	S100A8	9.87801653219955	6.70314206068664	13.0528910037125	0	PSL.early.10_20-PSNL.early.0_10
1545	S100A8	9.87521124619183	5.64204528417461	14.108377208209	1.09037037177018e-08	PSL.late.10_20-PSNL.early.0_10
1547	S100A8	10.1238915728913	6.81937745293061	13.428405692852	0	PSL.early.20_Inf-PSNL.early.0_10
1548	S100A8	4.36422490175571	1.05971078179499	7.66873902171643	0.00200995973838936	PSNL.early.20_Inf-PSNL.early.0_10
1549	S100A8	10.0804330581663	5.84726709614906	14.3135990201835	6.04975602946922e-09	PSL.late.20_Inf-PSNL.early.0_10
1550	S100A8	5.36098857056695	1.12782260854973	9.59415453258417	0.0036176507340353	PSNL.late.20_Inf-PSNL.early.0_10
1553	S100A8	-6.28970386040796	-10.1540380055078	-2.42536971530815	5.89166034786759e-05	PSNL.early.10_20-PSL.late.0_10
1557	S100A8	-4.37776397649313	-8.30201385188525	-0.453514101101015	0.01701758522425	PSNL.early.20_Inf-PSL.late.0_10
1560	S100A8	5.50358328850726	1.68785905510678	9.31930752190774	0.000514125710204039	PSL.early.10_20-PSNL.late.0_10
1562	S100A8	5.50077800249954	0.767954576945142	10.2336014280539	0.0106985035388714	PSL.late.10_20-PSNL.late.0_10
1564	S100A8	5.74945832919903	1.82520845380692	9.67370820459115	0.000395983271842315	PSL.early.20_Inf-PSNL.late.0_10
1566	S100A8	5.70599981447399	0.973176388919592	10.4388232400284	0.0068647272058544	PSL.late.20_Inf-PSNL.late.0_10
1568	S100A8	-7.42573151435867	-10.0890400268798	-4.76242300183753	4.29183355521445e-11	PSNL.early.10_20-PSL.early.10_20
1570	S100A8	-6.03208351249529	-10.522034048941	-1.54213297604962	0.00156417460317004	PSNL.late.10_20-PSL.early.10_20
1572	S100A8	-5.51379163044384	-8.26331357660072	-2.76426968428696	5.99859511840606e-07	PSNL.early.20_Inf-PSL.early.10_20
1574	S100A8	-4.5170279616326	-8.33275219503308	-0.701303728232121	0.00859539318201408	PSNL.late.20_Inf-PSL.early.10_20
1575	S100A8	7.42292622835095	3.55859208325114	11.2872603734508	1.68940419587038e-06	PSL.late.10_20-PSNL.early.10_20
1577	S100A8	7.67160655505045	4.85501324183981	10.4881998682611	9.63598090208961e-11	PSL.early.20_Inf-PSNL.early.10_20
1579	S100A8	7.6281480403254	3.76381389522559	11.4924821854252	8.81373524830309e-07	PSL.late.20_Inf-PSNL.early.10_20
1581	S100A8	-6.02927822648757	-11.3207356790091	-0.737820773966049	0.0134482090297969	PSNL.late.10_20-PSL.late.10_20
1583	S100A8	-5.51098634443612	-9.43523621982823	-1.586736469044	0.00079187032746908	PSNL.early.20_Inf-PSL.late.10_20
1586	S100A8	6.27795855318707	1.69542197625894	10.8604951301152	0.00116500267883213	PSL.early.20_Inf-PSNL.late.10_20
1588	S100A8	6.23450003846202	0.943042585940499	11.5259574909835	0.00909896792949039	PSL.late.20_Inf-PSNL.late.10_20
1590	S100A8	-5.75966667113562	-8.65791727996048	-2.86141606231076	7.48717130294452e-07	PSNL.early.20_Inf-PSL.early.20_Inf
1592	S100A8	-4.76290300232438	-8.68715287771649	-0.838653126932262	0.00631154688033397	PSNL.late.20_Inf-PSL.early.20_Inf
1593	S100A8	5.71620815641057	1.79195828101845	9.64045803180268	0.000436476909183803	PSL.late.20_Inf-PSNL.early.20_Inf
1596	S100A9	-10.2435497919718	-14.7678010310404	-5.71929855290328	2.78624833205399e-08	PSNL.early.0_10-PSL.early.0_10
1598	S100A9	-6.75146624247233	-11.6768471330823	-1.82608535186232	0.00117258477579141	PSNL.late.0_10-PSL.early.0_10
1600	S100A9	-8.18273315429688	-11.8767688222544	-4.48869748633937	5.04106566490137e-08	PSNL.early.10_20-PSL.early.0_10
1602	S100A9	-6.26579964955648	-11.9085323389838	-0.623066960129131	0.0179496675690479	PSNL.late.10_20-PSL.early.0_10
1604	S100A9	-5.57498730023702	-9.41986152563818	-1.73011307483587	0.000480685567669337	PSNL.early.20_Inf-PSL.early.0_10
1607	S100A9	8.92863941192627	3.77755277864102	14.0797260452115	1.72882645558259e-05	PSL.late.0_10-PSNL.early.0_10
1609	S100A9	10.3728426827325	6.31998939301805	14.4256959724469	8.11285372215309e-10	PSL.early.10_20-PSNL.early.0_10
1611	S100A9	10.3218615849813	5.17077495169604	15.4729482182665	6.55707401819861e-07	PSL.late.10_20-PSNL.early.0_10
1613	S100A9	10.4158126513163	6.28575521888541	14.5458700837472	1.26602228700534e-09	PSL.early.20_Inf-PSNL.early.0_10
1614	S100A9	4.66856249173482	0.538505059303907	8.79861992416574	0.0147661013882541	PSNL.early.20_Inf-PSNL.early.0_10
1615	S100A9	10.5317502551609	5.38066362187562	15.6828368884461	3.99575420639842e-07	PSL.late.20_Inf-PSNL.early.0_10
1616	S100A9	5.74686166975234	0.595775036467086	10.8979483030376	0.0170576797830293	PSNL.late.20_Inf-PSNL.early.0_10
1619	S100A9	-6.8678227742513	-11.3075011123225	-2.42814443618008	0.00015720384216078	PSNL.early.10_20-PSL.late.0_10
1626	S100A9	6.88075913323296	2.38452210307964	11.3769961633863	0.000190662413788845	PSL.early.10_20-PSNL.late.0_10
1628	S100A9	6.82977803548177	1.32303479224055	12.336521278723	0.00481750945084691	PSL.late.10_20-PSNL.late.0_10
1630	S100A9	6.92372910181681	2.35777881315283	11.4896793904808	0.000224159371461696	PSL.early.20_Inf-PSNL.late.0_10
1632	S100A9	7.03966670566135	1.53292346242013	12.5464099489026	0.00321477493947764	PSL.late.20_Inf-PSNL.late.0_10
1634	S100A9	-8.31202604505751	-11.4108435662868	-5.21320852382818	1.88433602055227e-10	PSNL.early.10_20-PSL.early.10_20
1636	S100A9	-6.39509254031711	-11.6673977968503	-1.12278728378391	0.0064060008043465	PSNL.late.10_20-PSL.early.10_20
1638	S100A9	-5.70428019099765	-8.98144791982841	-2.42711246216689	1.58462253537772e-05	PSNL.early.20_Inf-PSL.early.10_20
1640	S100A9	-4.62598101298014	-9.12221804313345	-0.129743982826824	0.0386291873289101	PSNL.late.20_Inf-PSL.early.10_20
1641	S100A9	8.26104494730632	3.8213666092351	12.7007232853775	3.7233996101893e-06	PSL.late.10_20-PSNL.early.10_20
1643	S100A9	8.35499601364136	5.15586728270434	11.5541247445784	4.3633041624247e-10	PSL.early.20_Inf-PSNL.early.10_20
1645	S100A9	8.4709336174859	4.03125527941468	12.9106119555571	2.09951560103949e-06	PSL.late.20_Inf-PSNL.early.10_20
1647	S100A9	-6.34411144256592	-12.5008375558284	-0.187385329303405	0.0380793896734954	PSNL.late.10_20-PSL.late.10_20
1649	S100A9	-5.65329909324646	-10.2192493819104	-1.08734880458248	0.00492574060855955	PSNL.early.20_Inf-PSL.late.10_20
1652	S100A9	6.43806250890096	1.10618129067259	11.7699437271293	0.00678074371225845	PSL.early.20_Inf-PSNL.late.10_20
1654	S100A9	6.5540001127455	0.397273999482985	12.710726226008	0.0278061606717827	PSL.late.20_Inf-PSNL.late.10_20
1656	S100A9	-5.7472501595815	-9.11942793219649	-2.37507238696652	2.4473714509754e-05	PSNL.early.20_Inf-PSL.early.20_Inf
1658	S100A9	-4.66895098156399	-9.23490127022797	-0.103000692900006	0.0408922993545048	PSNL.late.20_Inf-PSL.early.20_Inf
1659	S100A9	5.86318776342604	1.29723747476206	10.42913805209	0.00302291246640185	PSL.late.20_Inf-PSNL.early.20_Inf
