variable	Difference	lwr	upr	p_adj	Groups
10	AIM2	-1.55557829993112	-3.07908734824663	-0.0320692516155996	0.0429312247645787	PSNL.II-PSL.II
12	AIM2	-1.87543183106642	-3.17578655306479	-0.575077109068062	0.00131450519920473	PSNL.III-PSL.II
15	AIM2	-1.68353743756938	-2.85500780417927	-0.512067070959492	0.0013767073156723	PSNL.III-PSL.III
25	CCL2	-0.867461571326624	-1.57935146993627	-0.155571672716975	0.00850783790913479	PSNL.II-PSL.II
27	CCL2	-0.884864062025896	-1.55356818265716	-0.216159941394637	0.00331641542739092	PSNL.III-PSL.II
28	CCL2	0.973381132142157	0.31277526418591	1.6339870000984	0.000789760075029844	PSL.III-PSNL.II
30	CCL2	-0.990783622841429	-1.60460614278102	-0.376961102901833	0.00019165315498304	PSNL.III-PSL.III
40	CCL20	-3.13583930853561	-5.36703938534407	-0.904639231727158	0.00163388197796721	PSNL.II-PSL.II
42	CCL20	-2.37586139705307	-4.40293684416934	-0.3487859499368	0.0129492029934969	PSNL.III-PSL.II
43	CCL20	3.33378894598018	1.31974948904478	5.34782840291558	0.000144456763706113	PSL.III-PSNL.II
45	CCL20	-2.57381103449764	-4.35906620383457	-0.788555865160716	0.00116211098589636	PSNL.III-PSL.III
51	CCL27	-2.45621808369954	-4.86751241095958	-0.0449237564395086	0.0435054400312671	PSL.II-PSNL.I
53	CCL27	-2.44519463291874	-4.83244753891484	-0.0579417269226434	0.0416909702200197	PSL.III-PSNL.I
55	CCL27	2.17229442107372	1.26091083140075	3.0836780107467	4.22118385801085e-08	PSNL.II-PSL.II
57	CCL27	2.13851203170478	1.28241621818038	2.99460784522917	1.15907515807478e-08	PSNL.III-PSL.II
58	CCL27	-2.16127097029292	-3.00699914886781	-1.31554279171804	6.05531591535424e-09	PSL.III-PSNL.II
60	CCL27	2.12748858092397	1.34165389955366	2.91332326229429	1.10121789465012e-09	PSNL.III-PSL.III
87	CTLA4	-1.92697441883576	-3.46312095299737	-0.390827884674154	0.00648011960902595	PSNL.III-PSL.II
88	CTLA4	1.70894145580253	0.154286464403678	3.26359644720139	0.0235080545329174	PSL.III-PSNL.II
90	CTLA4	-2.11855240194206	-3.60261094620133	-0.634493857682796	0.00136022427433569	PSNL.III-PSL.III
100	CXCL1	-3.74363398755717	-5.57054408427772	-1.91672389083663	2.34273583465949e-06	PSNL.II-PSL.II
102	CXCL1	-4.03167109693217	-5.62814004753408	-2.43520214633026	1.42282243764669e-08	PSNL.III-PSL.II
103	CXCL1	3.26197216245863	1.54199317501775	4.98195114989951	1.17582156031748e-05	PSL.III-PSNL.II
105	CXCL1	-3.55000927183363	-5.02291128010664	-2.07710726356063	4.89624419897083e-08	PSNL.III-PSL.III
117	CXCL10	-1.99625031729959	-3.35624974063797	-0.636250893961218	0.000873139033169101	PSNL.III-PSL.II
120	CXCL10	-1.75170551119983	-3.00644076999079	-0.496970252408861	0.00173180611777057	PSNL.III-PSL.III
130	CXCL2	-1.69681703249613	-2.94542387651932	-0.448210188472943	0.00266452777547899	PSNL.II-PSL.II
132	CXCL2	-1.62451666196187	-2.87312350598506	-0.375909817938682	0.00444169917636872	PSNL.III-PSL.II
133	CXCL2	1.99963974157969	0.824115264951178	3.1751642182082	0.000107750717423305	PSL.III-PSNL.II
135	CXCL2	-1.92733937104543	-3.10286384767394	-0.751814894416917	0.00019539107797184	PSNL.III-PSL.III
136	DEFB1	-6.63066609700518	-9.12676794240863	-4.13456425160174	1.94578297918468e-09	PSNL.I-PSL.I
141	DEFB1	6.81774286123422	4.9861048604192	8.64938086204924	1.12573284027917e-11	PSL.II-PSNL.I
142	DEFB1	6.83112741127991	4.99948941046489	8.66276541209494	1.12546638675326e-11	PSNL.II-PSNL.I
143	DEFB1	6.70774933143897	4.89437338195581	8.52112528092214	1.12628795179148e-11	PSL.III-PSNL.I
144	DEFB1	7.06229352016074	5.24611265647293	8.87847438384855	1.12335696300647e-11	PSNL.III-PSNL.I
175	FOXP3	-1.75707591127351	-2.79048802980544	-0.723663792741589	7.99366057078199e-05	PSNL.II-PSL.II
177	FOXP3	-2.09723672362921	-3.0483458203867	-1.14612762687172	3.31927136887344e-07	PSNL.III-PSL.II
178	FOXP3	1.60503245678114	0.642978130959831	2.56708678260244	0.000111458873160775	PSL.III-PSNL.II
180	FOXP3	-1.94519326913684	-2.81824334389641	-1.07214319437726	2.56891130478998e-07	PSNL.III-PSL.III
207	IFNG	-1.99625031729959	-3.35624974063797	-0.636250893961218	0.000873139033169101	PSNL.III-PSL.II
210	IFNG	-1.75170551119983	-3.00644076999079	-0.496970252408861	0.00173180611777057	PSNL.III-PSL.III
222	IFNGR	-0.702261642781054	-1.33436761463627	-0.0701556709258414	0.0211238000024172	PSNL.III-PSL.II
235	IL1b	-2.86940743243757	-4.66042195073552	-1.07839291413962	0.000273236707073576	PSNL.II-PSL.II
237	IL1b	-2.54834058088356	-4.25939079107591	-0.837290370691197	0.000797196237880882	PSNL.III-PSL.II
238	IL1b	3.85589994633284	2.20351022722645	5.50828966543923	1.80421198647807e-07	PSL.III-PSNL.II
240	IL1b	-3.53483309477883	-5.10019298977223	-1.96947319978542	3.87434271553744e-07	PSNL.III-PSL.III
250	IL1F6	-3.79117664722219	-5.62512284115801	-1.95723045328637	1.46539552170477e-06	PSNL.II-PSL.II
252	IL1F6	-3.34879178640813	-5.07148426918678	-1.62609930362947	5.70984199088631e-06	PSNL.III-PSL.II
253	IL1F6	4.17335699086855	2.47152694721128	5.87518703452582	1.94205965753369e-08	PSL.III-PSNL.II
255	IL1F6	-3.73097213005448	-5.31228052675163	-2.14966373335734	5.53976869932526e-08	PSNL.III-PSL.III
265	IL1RN	-1.12998720315786	-1.84309505775544	-0.416879348560289	0.000259291055268673	PSNL.II-PSL.II
267	IL1RN	-1.07883920712708	-1.74868739819601	-0.408991016058155	0.000198768162539165	PSNL.III-PSL.II
268	IL1RN	0.76315602142247	0.101419938142044	1.4248921047029	0.0148772010986581	PSL.III-PSNL.II
270	IL1RN	-0.712008025391688	-1.3268807201057	-0.0971353306776711	0.0143001170744137	PSNL.III-PSL.III
280	IL22RA1	-0.872205317473538	-1.55542629679874	-0.188984338148339	0.00510335478412605	PSNL.II-PSL.II
282	IL22RA1	-0.972773217152952	-1.61625669979569	-0.329289734510214	0.000547374245647547	PSNL.III-PSL.II
285	IL22RA1	-0.616170470851092	-1.19337110202285	-0.0389698396793309	0.0298860566821737	PSNL.III-PSL.III
290	CXCL8	-5.77860747117263	-9.33948550528099	-2.21772943706426	0.000365738003556992	PSNL.II-PSL.II
292	CXCL8	-5.18250219230978	-8.52219886226651	-1.84280552235305	0.00067463422595837	PSNL.III-PSL.II
293	CXCL8	6.05173501615171	2.63099405797059	9.47247597433283	0.000101378552294085	PSL.III-PSNL.II
295	CXCL8	-5.45562973728886	-8.64548712853733	-2.26577234604039	0.000170309793043444	PSNL.III-PSL.III
305	LCN2	-4.48801590383802	-7.45667428692387	-1.51935752075218	0.000784253829797188	PSNL.II-PSL.II
307	LCN2	-4.20164691677364	-6.84303007175333	-1.56026376179395	0.000388789733679173	PSNL.III-PSL.II
308	LCN2	3.82778371944716	1.05085807747678	6.60470936141755	0.00250325818237329	PSL.III-PSNL.II
310	LCN2	-3.54141473238278	-5.9653141521148	-1.11751531265076	0.00122501677238052	PSNL.III-PSL.III
328	PI3	-8.61578230448275	-14.983699832521	-2.24786477644448	0.00251435077754558	PSNL.II-PSL.I
330	PI3	-8.85473558315451	-15.1689144497313	-2.54055671657767	0.00157518684596469	PSNL.III-PSL.I
331	PI3	7.90948766570181	1.54157013766354	14.2774051937401	0.00691566410578304	PSL.II-PSNL.I
333	PI3	7.55396335134858	1.24953611818425	13.8583905845129	0.0101509162074157	PSL.III-PSNL.I
335	PI3	-7.93860260112013	-10.3454491937713	-5.53175600846892	1.28022037415576e-11	PSNL.II-PSL.II
337	PI3	-8.17755587979188	-10.4383945816424	-5.91671717794132	1.12966302978634e-11	PSNL.III-PSL.II
338	PI3	7.5830782867669	5.34961917253986	9.81653740099394	1.17937881682906e-11	PSL.III-PSNL.II
340	PI3	-7.82203156543866	-9.89731967318478	-5.74674345769254	1.12468923063602e-11	PSNL.III-PSL.III
343	PYCARD	-2.01186148445317	-3.8133305328415	-0.21039243606483	0.0201827535337749	PSNL.II-PSL.I
345	PYCARD	-2.26720855626855	-4.05127169840829	-0.483145414128803	0.00540255680476165	PSNL.III-PSL.I
350	PYCARD	-0.886758683751896	-1.57963139467049	-0.193885972833306	0.00498276628986494	PSNL.II-PSL.II
352	PYCARD	-1.14210575556728	-1.78837439659517	-0.495837114539386	4.05097287748957e-05	PSNL.III-PSL.II
355	PYCARD	-0.809328482473276	-1.40401619651986	-0.214640768426695	0.00236825199571666	PSNL.III-PSL.III
358	S100A8	-7.20806972578568	-13.4554100437215	-0.960729407849831	0.0148453744390906	PSNL.II-PSL.I
360	S100A8	-7.61835323784223	-13.794617974094	-1.44208850159045	0.00749005692276572	PSNL.III-PSL.I
361	S100A8	6.41555145988089	0.186721820611475	12.6443810991503	0.039937196712282	PSL.II-PSNL.I
363	S100A8	6.47831512910518	0.311589031342931	12.6450412268674	0.0341150658621561	PSL.III-PSNL.I
365	S100A8	-6.39195397967982	-8.79477717888592	-3.98913078047373	2.04314742902056e-09	PSNL.II-PSL.II
367	S100A8	-6.80223749173638	-9.01369501355394	-4.59077996991881	2.76556555434126e-11	PSNL.III-PSL.II
368	S100A8	6.45471764890412	4.21781098647407	8.69162431133417	1.72791558838981e-10	PSL.III-PSNL.II
370	S100A8	-6.86500116096067	-8.8949608799168	-4.83504144200455	8.09285971570262e-12	PSNL.III-PSL.III
373	S100A9	-7.46437549591065	-14.4763691383384	-0.452381853482846	0.0306215820907394	PSNL.II-PSL.I
375	S100A9	-7.55872599283854	-14.4909446427836	-0.626507342893498	0.0249673623172814	PSNL.III-PSL.I
376	S100A9	7.7312502861023	0.719256643674502	14.7432439285301	0.022642703317829	PSL.II-PSNL.I
378	S100A9	7.51950027324536	0.597987758878359	14.4410127876124	0.0257713348952001	PSL.III-PSNL.I
380	S100A9	-7.15295839309693	-9.90328857862984	-4.40262820756401	4.33466484928147e-09	PSNL.II-PSL.II
382	S100A9	-7.24730889002482	-9.78737123151401	-4.70724654853563	2.69573585676142e-10	PSNL.III-PSL.II
383	S100A9	6.94120838023998	4.43051190823374	9.45190485224622	7.09067249360373e-10	PSL.III-PSNL.II
385	S100A9	-7.03555887716788	-9.3139787997771	-4.75713895455866	2.41624498187321e-11	PSNL.III-PSL.III
