variable	Difference	lwr	upr	p_adj	Groups
1	AIM2	-1.65466092427572	-2.9913536024525	-0.317968246098929	0.00673832464108082	PSNL.early.no-PSL.early.no
3	AIM2	-2.55586115519206	-4.94020699756019	-0.171515312823931	0.0281772216563834	PSNL.late.no-PSL.early.no
5	AIM2	-1.60205128079369	-3.08678307698427	-0.117319484603111	0.0265846583599813	PSNL.early.yes-PSL.early.no
10	AIM2	1.83996648435239	0.405579295976113	3.27435367272867	0.00448193918939077	PSL.early.yes-PSNL.early.no
19	AIM2	2.74116671526874	0.300710940970673	5.1816224895668	0.0183744071576357	PSL.early.yes-PSNL.late.no
23	AIM2	-1.78735684087037	-3.36061708536454	-0.214096596376189	0.0164692319448935	PSNL.early.yes-PSL.early.yes
31	CCL2	-1.13217941919963	-2.23861323350928	-0.0257456048899716	0.0413725992692946	PSNL.late.no-PSL.early.no
33	CCL2	-0.990212694803874	-1.80415738240718	-0.17626800720057	0.00739370975899045	PSNL.early.yes-PSL.early.no
38	CCL2	0.886439788035857	0.072495100432554	1.70038447563916	0.0236829849436715	PSL.early.yes-PSNL.early.no
47	CCL2	1.30684995651245	0.162031365819119	2.45166854720578	0.0148512829342533	PSL.early.yes-PSNL.late.no
51	CCL2	-1.1648832321167	-2.03028474276184	-0.299481721471556	0.0020642247522642	PSNL.early.yes-PSL.early.yes
53	CCL2	-1.21101633707682	-2.35583492777015	-0.0661977463834886	0.0309886934654477	PSNL.late.yes-PSL.early.yes
54	CCL2	1.19357523918152	0.0487566484881858	2.33839382987485	0.0352388673487642	PSL.late.yes-PSNL.early.yes
57	CCL20	-2.53754151782618	-4.71038974416289	-0.364693291489479	0.0119787780437292	PSNL.early.no-PSL.early.no
61	CCL20	-2.74487099619851	-5.27616257616313	-0.213579416233897	0.0249457727239588	PSNL.early.yes-PSL.early.no
63	CCL20	-3.07780517114134	-6.15067660180503	-0.00493374047764661	0.0493664745271563	PSNL.late.yes-PSL.early.no
64	CCL20	3.20479437073771	0.371746894082799	6.03784184739262	0.0166127368376906	PSL.late.no-PSNL.early.no
66	CCL20	3.28976853289596	0.942824210915358	5.63671285487656	0.00126983192724939	PSL.early.yes-PSNL.early.no
68	CCL20	3.18390313354893	0.111031702885238	6.25677456421262	0.0373533739851005	PSL.late.yes-PSNL.early.no
72	CCL20	-3.41212384911004	-6.52858428574098	-0.295663412479092	0.022801195980657	PSNL.early.yes-PSL.late.no
74	CCL20	-3.74505802405286	-7.31541198685197	-0.174704061253753	0.0336116139352848	PSNL.late.yes-PSL.late.no
79	CCL20	-3.49709801126829	-6.17932009353183	-0.814875929004744	0.00334547102208227	PSNL.early.yes-PSL.early.yes
81	CCL20	-3.83003218621111	-7.02837817518284	-0.631686197239386	0.00914086697708949	PSNL.late.yes-PSL.early.yes
82	CCL20	3.39123261192126	0.0552610176935264	6.72720420614899	0.0437955260415612	PSL.late.yes-PSNL.early.yes
85	CCL27	2.43471771631485	1.46795100650031	3.4014844261294	3.09051528812887e-09	PSNL.early.no-PSL.early.no
87	CCL27	2.31926922920423	0.909976684587609	3.72856177382084	8.32160491457401e-05	PSNL.late.no-PSL.early.no
89	CCL27	2.45793576362806	1.42119396747702	3.4946775597791	1.7701844989837e-08	PSNL.early.yes-PSL.early.no
91	CCL27	2.04851918342786	0.639226638811242	3.45781172804448	0.00067570456175281	PSNL.late.yes-PSL.early.no
92	CCL27	-1.8609149101453	-3.15796855906277	-0.563861261227816	0.000824581403030766	PSL.late.no-PSNL.early.no
94	CCL27	-2.07004850338667	-3.10679029953771	-1.03330670723563	1.47366554836825e-06	PSL.early.yes-PSNL.early.no
96	CCL27	-2.18515675495833	-3.59444929957495	-0.775864210341714	0.000238073109834147	PSL.late.yes-PSNL.early.no
98	CCL27	1.74546642303467	0.0920409565329288	3.39889188953641	0.0315610595753393	PSNL.late.no-PSL.late.no
100	CCL27	1.8841329574585	0.534116717240997	3.234149197676	0.00124060991455999	PSNL.early.yes-PSL.late.no
103	CCL27	-1.95460001627604	-3.41278421485756	-0.496415817694522	0.0021855593795379	PSL.early.yes-PSNL.late.no
105	CCL27	-2.0697082678477	-3.81257173967168	-0.326844796023728	0.00972253102276399	PSL.late.yes-PSNL.late.no
107	CCL27	2.09326655069987	0.990982906365378	3.19555019503436	4.60976490657128e-06	PSNL.early.yes-PSL.early.yes
109	CCL27	1.68384997049967	0.225665771918155	3.14203416908119	0.0131659831206916	PSNL.late.yes-PSL.early.yes
110	CCL27	-2.20837480227153	-3.66655900085305	-0.750190603690014	0.000352199066462999	PSL.late.yes-PSNL.early.yes
112	CCL27	1.79895822207134	0.0560947502473603	3.54182169389531	0.0384329752376392	PSNL.late.yes-PSL.late.yes
145	CTLA4	-2.5025674694187	-4.56137078587412	-0.44376415296329	0.00782998626876619	PSNL.early.yes-PSL.early.no
163	CTLA4	-2.44948929075211	-4.6626363561275	-0.23634222537672	0.0206726234603921	PSNL.early.yes-PSL.early.yes
169	CXCL1	-3.71155672603183	-5.44857981152125	-1.97453364054242	4.18314561878574e-07	PSNL.early.no-PSL.early.no
173	CXCL1	-3.83950793743133	-5.78931151507683	-1.88970435978583	2.7418245124311e-06	PSNL.early.yes-PSL.early.no
175	CXCL1	-4.29637580447727	-7.07561274126033	-1.51713886769421	0.000281528424381228	PSNL.late.yes-PSL.early.no
176	CXCL1	3.27843657069736	0.968783656349196	5.58808948504552	0.00104628467281664	PSL.late.no-PSNL.early.no
178	CXCL1	4.16325296296014	2.3053689288357	6.02113699708458	1.29741991705679e-07	PSL.early.yes-PSNL.early.no
184	CXCL1	-3.40638778209686	-5.88004527185428	-0.93273029233944	0.00160617940565166	PSNL.early.yes-PSL.late.no
186	CXCL1	-3.8632556491428	-7.03207330499065	-0.694437993294941	0.00743920147893939	PSNL.late.yes-PSL.late.no
191	CXCL1	-4.29120417435964	-6.34941161680331	-2.23299673191596	7.48835640052015e-07	PSNL.early.yes-PSL.early.yes
193	CXCL1	-4.74807204140557	-7.60440567659434	-1.89173840621681	8.10479086506e-05	PSNL.late.yes-PSL.early.yes
197	CXCL10	-1.45338992987561	-2.81781441552645	-0.0889654442247834	0.029231114207067	PSNL.early.no-PSL.early.no
199	CXCL10	-3.05382024726169	-5.23689942430302	-0.870741070220363	0.00125691032573627	PSNL.late.no-PSL.early.no
201	CXCL10	-1.80150759585825	-3.33307028248745	-0.269944909229046	0.0109613049233047	PSNL.early.yes-PSL.early.no
203	CXCL10	-3.35686187734119	-5.30564983942655	-1.40807391525583	3.94548798865468e-05	PSNL.late.yes-PSL.early.no
214	CXCL10	-2.40127475901085	-4.68765288371775	-0.114896634303947	0.0331508056047533	PSNL.late.yes-PSL.late.no
215	CXCL10	2.69611657482542	0.452478258446039	4.93975489120481	0.00866602656871551	PSL.early.yes-PSNL.late.no
221	CXCL10	-2.99915820490492	-5.01555417858248	-0.982762231227359	0.000502073039791218	PSNL.late.yes-PSL.early.yes
225	CXCL2	-1.59257212190917	-3.07537001170907	-0.10977423210927	0.0275234529829828	PSNL.early.no-PSL.early.no
229	CXCL2	-2.1356134173846	-3.75518067372768	-0.516046161041521	0.00309426527720102	PSNL.early.yes-PSL.early.no
234	CXCL2	1.86844206651052	0.354749235898091	3.38213489712294	0.00677777494036091	PSL.early.yes-PSNL.early.no
247	CXCL2	-2.41148336198595	-4.05938338967909	-0.763583334292802	0.000760530992109598	PSNL.early.yes-PSL.early.yes
249	CXCL2	-2.1518443107605	-4.25251291017485	-0.0511757113461373	0.0412473882324402	PSNL.late.yes-PSL.early.yes
309	FOXP3	-1.81951270592788	-2.93320285062114	-0.705822561234628	9.72605495453971e-05	PSNL.early.no-PSL.early.no
311	FOXP3	-1.97264086112453	-3.59610927599195	-0.349172446257115	0.00753321288478837	PSNL.late.no-PSL.early.no
313	FOXP3	-2.01164099059935	-3.2428717714874	-0.780410209711301	9.71782929787279e-05	PSNL.early.yes-PSL.early.no
315	FOXP3	-2.04830754218878	-3.6717759570562	-0.424839127321361	0.00481469519804267	PSNL.late.yes-PSL.early.no
318	FOXP3	1.92030515701466	0.726005529975897	3.11460478405341	0.000129453065509155	PSL.early.yes-PSNL.early.no
327	FOXP3	2.07343331221131	0.393642981595558	3.75322364282705	0.00626963922384061	PSL.early.yes-PSNL.late.no
331	FOXP3	-2.11243344168612	-3.41703111781629	-0.807835765555956	0.000114243837304739	PSNL.early.yes-PSL.early.yes
333	FOXP3	-2.14909999327555	-3.8288903238913	-0.469309662659804	0.00405001491292645	PSNL.late.yes-PSL.early.yes
343	IFIH1	-1.84899034351215	-3.68035405497468	-0.0176266320496246	0.0462837217715028	PSNL.late.yes-PSL.early.no
361	IFIH1	-2.15316339911735	-4.05930718452117	-0.247019613713528	0.0167096792064383	PSNL.late.yes-PSL.early.yes
365	IFNG	-1.45338992987561	-2.81781441552645	-0.0889654442247834	0.029231114207067	PSNL.early.no-PSL.early.no
367	IFNG	-3.05382024726169	-5.23689942430302	-0.870741070220363	0.00125691032573627	PSNL.late.no-PSL.early.no
369	IFNG	-1.80150759585825	-3.33307028248745	-0.269944909229046	0.0109613049233047	PSNL.early.yes-PSL.early.no
371	IFNG	-3.35686187734119	-5.30564983942655	-1.40807391525583	3.94548798865468e-05	PSNL.late.yes-PSL.early.no
382	IFNG	-2.40127475901085	-4.68765288371775	-0.114896634303947	0.0331508056047533	PSNL.late.yes-PSL.late.no
383	IFNG	2.69611657482542	0.452478258446039	4.93975489120481	0.00866602656871551	PSL.early.yes-PSNL.late.no
389	IFNG	-2.99915820490492	-5.01555417858248	-0.982762231227359	0.000502073039791218	PSNL.late.yes-PSL.early.yes
417	IFNGR	-1.18279009239151	-2.2571668297011	-0.108413355081913	0.021387732910965	PSNL.late.yes-PSL.early.yes
421	IL1b	-3.01901141776369	-5.14443599320368	-0.893586842323707	0.00113986064631433	PSNL.early.no-PSL.early.no
425	IL1b	-3.25419848643893	-5.24370315219383	-1.26469382068404	0.000129410649963857	PSNL.early.yes-PSL.early.no
427	IL1b	-3.75222608970175	-6.78179201835923	-0.722660161044261	0.00647122444925385	PSNL.late.yes-PSL.early.no
428	IL1b	3.41864577932225	0.52218031908343	6.31511123956106	0.0109716901756607	PSL.late.no-PSNL.early.no
430	IL1b	3.05485443281234	0.689900287752094	5.41980857787259	0.00394437536564718	PSL.early.yes-PSNL.early.no
436	IL1b	-3.65383284799749	-6.4520843291072	-0.855581366887774	0.00345464109258764	PSNL.early.yes-PSL.late.no
438	IL1b	-4.1518604512603	-7.76438757953968	-0.539333322980915	0.0144310927902752	PSNL.late.yes-PSL.late.no
443	IL1b	-3.29004150148758	-5.53363399956157	-1.04644900341359	0.000722508014389223	PSNL.early.yes-PSL.early.yes
445	IL1b	-3.78806910475039	-6.9902321546958	-0.585906054804985	0.0107112577896509	PSNL.late.yes-PSL.early.yes
449	IL1F6	-3.81378208062588	-5.45618597803415	-2.17137818321761	3.15447447052364e-08	PSNL.early.no-PSL.early.no
453	IL1F6	-4.72484460732876	-6.48612656844547	-2.96356264621204	4.50657178241443e-10	PSNL.early.yes-PSL.early.no
454	IL1F6	-2.87967899562706	-5.27387352505057	-0.485484466203542	0.0084255137763587	PSL.late.yes-PSL.early.no
455	IL1F6	-4.467461451506	-6.86165598092951	-2.07326692208248	6.76572954405597e-06	PSNL.late.yes-PSL.early.no
456	IL1F6	3.83322054545084	1.62970448878156	6.03673660212013	2.88701484492115e-05	PSL.late.no-PSNL.early.no
458	IL1F6	4.11333738962809	2.35205542851137	5.87461935074481	2.69287820930941e-08	PSL.early.yes-PSNL.early.no
464	IL1F6	-4.74428307215372	-7.0377752993768	-2.45079084493065	6.32934020416975e-07	PSNL.early.yes-PSL.late.no
465	IL1F6	-2.89911746045203	-5.70806030331996	-0.0901746175840925	0.0384593674184562	PSL.late.yes-PSL.late.no
466	IL1F6	-4.48689991633097	-7.2958427591989	-1.67795707346303	0.000142361855032136	PSNL.late.yes-PSL.late.no
467	IL1F6	2.68118336995443	0.20392863354665	5.1584381063622	0.0251133516662825	PSL.early.yes-PSNL.late.no
471	IL1F6	-5.02439991633097	-6.89702847824293	-3.15177135441902	4.48271308961523e-10	PSNL.early.yes-PSL.early.yes
472	IL1F6	-3.17923430462927	-5.65648904103705	-0.701979568221495	0.00386844597823632	PSL.late.yes-PSL.early.yes
473	IL1F6	-4.76701676050821	-7.24427149691599	-2.28976202410044	3.43450905149201e-06	PSNL.late.yes-PSL.early.yes
481	IL1RN	-0.935484543824806	-1.74299402790636	-0.12797505974325	0.0127244546689981	PSNL.early.yes-PSL.early.no
484	IL1RN	1.12355119265043	0.113286991137648	2.1338153941632	0.0193334082141596	PSL.late.no-PSNL.early.no
486	IL1RN	0.988968164492875	0.181458680411319	1.79647764857443	0.00684045069003636	PSL.early.yes-PSNL.early.no
492	IL1RN	-1.33509972890218	-2.38661604828565	-0.283583409518702	0.00442552421323372	PSNL.early.yes-PSL.late.no
494	IL1RN	-1.29741608301798	-2.58525530236745	-0.00957686366851074	0.0470852905310832	PSNL.late.yes-PSL.late.no
499	IL1RN	-1.20051670074463	-2.05907618031094	-0.341957221178312	0.00120689614639358	PSNL.early.yes-PSL.early.yes
501	IL1RN	-1.16283305486043	-2.29860048920519	-0.0270656205156767	0.0411818510513547	PSNL.late.yes-PSL.early.yes
509	IL22RA1	-0.974681830557925	-1.75418287817889	-0.195180782936963	0.00537200522362036	PSNL.early.yes-PSL.early.no
511	IL22RA1	-1.09722703878695	-2.15683997135268	-0.0376141062212183	0.0374094741686782	PSNL.late.yes-PSL.early.no
527	IL22RA1	-0.904690247743137	-1.75618114018259	-0.0531993553036868	0.0298155891811005	PSNL.early.yes-PSL.early.yes
533	CXCL8	-6.16045601673615	-10.0678141460089	-2.25309788746342	0.000310056662127134	PSNL.early.no-PSL.early.no
537	CXCL8	-6.07625623849722	-11.7160419078869	-0.436470569107512	0.0272219430355184	PSNL.early.yes-PSL.early.no
539	CXCL8	-5.46831217382708	-10.2241970352801	-0.712427312374054	0.0149756847636356	PSNL.late.yes-PSL.early.no
540	CXCL8	6.26059996287028	1.56453993397231	10.9566599917682	0.00299874382560361	PSL.late.no-PSNL.early.no
542	CXCL8	6.81456642150879	2.74765913878647	10.8814737042311	0.000120396850301407	PSL.early.yes-PSNL.early.no
544	CXCL8	5.16699166297912	0.186067826039859	10.1479154999184	0.0374447803654355	PSL.late.yes-PSNL.early.no
550	CXCL8	-5.56845611996121	-10.990999163591	-0.14591307633145	0.0406329755644931	PSNL.late.yes-PSL.late.no
555	CXCL8	-6.73036664326986	-12.4818420794097	-0.978891207130045	0.012600025411706	PSNL.early.yes-PSL.early.yes
557	CXCL8	-6.12242257859972	-11.0102368254041	-1.2346083317953	0.00616683959672015	PSNL.late.yes-PSL.early.yes
561	LCN2	-4.08374859313278	-6.84737281637911	-1.32012436988646	0.000813873855571412	PSNL.early.no-PSL.early.no
565	LCN2	-4.98747285789755	-7.75109708114388	-2.22384863465123	3.71359834500096e-05	PSNL.early.yes-PSL.early.no
567	LCN2	-4.71199098804809	-8.25876522856902	-1.16521674752716	0.00318304967381455	PSNL.late.yes-PSL.early.no
570	LCN2	4.58713838675256	1.64630854377614	7.52796822972897	0.000377926397133854	PSL.early.yes-PSNL.early.no
583	LCN2	-5.49086265151733	-8.43169249449374	-2.55003280854091	2.05016366410238e-05	PSNL.early.yes-PSL.early.yes
585	LCN2	-5.21538078166786	-8.90190608759615	-1.52885547573958	0.00145533639747142	PSNL.late.yes-PSL.early.yes
617	PI3	-7.85132056912581	-10.361559956892	-5.34108118135962	6.30595575756843e-12	PSNL.early.no-PSL.early.no
619	PI3	-6.43059635778206	-10.0898676364347	-2.77132507912942	2.35856106286514e-05	PSNL.late.no-PSL.early.no
621	PI3	-8.72437911385641	-11.4163109576215	-6.03244727009129	4.40703029624956e-12	PSNL.early.yes-PSL.early.no
623	PI3	-8.32609584806695	-11.9853671267196	-4.66682456941431	5.48866724292552e-08	PSNL.late.yes-PSL.early.no
624	PI3	7.93894149499132	4.57110194848573	11.3067810414969	2.07838432020324e-08	PSL.late.no-PSNL.early.no
626	PI3	7.93279128114933	5.24085943738421	10.6247231249144	2.44088083078964e-11	PSL.early.yes-PSNL.early.no
628	PI3	6.57001613037463	2.910744851722	10.2292874090273	1.52527713576101e-05	PSL.late.yes-PSNL.early.no
630	PI3	-6.51821728364757	-10.8113871752179	-2.2250473920772	0.000338000829091634	PSNL.late.no-PSL.late.no
632	PI3	-8.81200003972193	-12.317358577531	-5.30664150191287	3.26082016943730e-09	PSNL.early.yes-PSL.late.no
634	PI3	-8.41371677393246	-12.7068866655028	-4.12054688236209	2.26996437524551e-06	PSNL.late.yes-PSL.late.no
635	PI3	6.51206706980558	2.72584711339047	10.2982870262207	3.60874119467169e-05	PSL.early.yes-PSNL.late.no
637	PI3	5.14929191903088	0.623893505890725	9.67469033217104	0.0153530704182063	PSL.late.yes-PSNL.late.no
639	PI3	-8.80584982587993	-11.6679630869268	-5.94373656483302	8.37208080639584e-12	PSNL.early.yes-PSL.early.yes
641	PI3	-8.40756656009047	-12.1937865165056	-4.62134660367536	1.05029296482151e-07	PSNL.late.yes-PSL.early.yes
642	PI3	7.44307467510524	3.65685471869013	11.2292946315203	2.11512612924292e-06	PSL.late.yes-PSNL.early.yes
644	PI3	-7.04479140931577	-11.5701898224559	-2.51939299617561	0.000222512786672624	PSNL.late.yes-PSL.late.yes
645	PYCARD	-0.911230609091646	-1.69394331634652	-0.128517901836774	0.0121527893277361	PSNL.early.no-PSL.early.no
649	PYCARD	-1.12127029115412	-1.98659174735669	-0.255948834951556	0.0034711128288436	PSNL.early.yes-PSL.early.no
667	PYCARD	-1.00371281701426	-1.92059726986493	-0.0868283641635923	0.0226210098502521	PSNL.early.yes-PSL.early.yes
673	S100A8	-7.11429064445081	-9.56824995755965	-4.66033133134198	4.1991410348885e-11	PSNL.early.no-PSL.early.no
675	S100A8	-4.91292959598859	-8.41788455621318	-1.40797463576401	0.00117790243585236	PSNL.late.no-PSL.early.no
677	S100A8	-7.71662945639377	-10.2950389674441	-5.13821994534349	1.47859502419578e-11	PSNL.early.yes-PSL.early.no
679	S100A8	-5.81909632182494	-9.32405128204953	-2.31414136160035	7.24678505575893e-05	PSNL.late.yes-PSL.early.no
680	S100A8	6.98681099830114	3.72387550448949	10.2497464921128	2.85372001029849e-07	PSL.late.no-PSNL.early.no
682	S100A8	6.96442772172033	4.33972349855722	9.58913194488345	7.06160685481905e-10	PSL.early.yes-PSNL.early.no
684	S100A8	6.345736452188	2.80658599966148	9.88488690471452	1.62124648296347e-05	PSL.late.yes-PSNL.early.no
686	S100A8	-4.78544994983892	-8.89757117854622	-0.673328721131622	0.0121628723747111	PSNL.late.no-PSL.late.no
688	S100A8	-7.5891498102441	-10.9466827338439	-4.23161688664427	7.04867219036842e-08	PSNL.early.yes-PSL.late.no
690	S100A8	-5.69161667567527	-9.80373790438257	-1.57949544696797	0.00141256618061847	PSNL.late.yes-PSL.late.no
691	S100A8	4.76306667325812	1.13651662922182	8.38961671729441	0.00289265378626369	PSL.early.yes-PSNL.late.no
695	S100A8	-7.56676653366329	-10.3081806861348	-4.82535238119176	2.05292560728765e-10	PSNL.early.yes-PSL.early.yes
697	S100A8	-5.66923339909446	-9.29578344313076	-2.04268335505817	0.000211118655704112	PSNL.late.yes-PSL.early.yes
698	S100A8	6.94807526413096	3.32152522009467	10.5746253081672	3.95168618261277e-06	PSL.late.yes-PSNL.early.yes
700	S100A8	-5.05054212956213	-9.38509849537721	-0.715985763747048	0.0120032310655767	PSNL.late.yes-PSL.late.yes
701	S100A9	-7.30442311213567	-9.99641635278498	-4.61242987148636	3.96176869088549e-10	PSNL.early.no-PSL.early.no
703	S100A9	-4.72141630221636	-8.64563707408507	-0.797195530347651	0.0084689785040849	PSNL.late.no-PSL.early.no
705	S100A9	-8.22581468348489	-11.2019251892871	-5.24970417768267	2.21231366559493e-10	PSNL.early.yes-PSL.early.no
707	S100A9	-6.99199961393308	-10.9162203858018	-3.06777884206437	1.90538009039454e-05	PSNL.late.yes-PSL.early.no
708	S100A9	7.17925683535063	3.56756890671354	10.7909447639877	1.80253651294038e-06	PSL.late.no-PSNL.early.no
710	S100A9	7.41034926716079	4.43423876135857	10.386459772963	5.24497245635303e-09	PSL.early.yes-PSNL.early.no
712	S100A9	6.58713200764779	2.66291123577908	10.5113527795165	6.06317491342878e-05	PSL.late.yes-PSNL.early.no
716	S100A9	-8.10064840669985	-11.9287936271568	-4.27250318624287	4.07298407001377e-07	PSNL.early.yes-PSL.late.no
718	S100A9	-6.86683333714803	-11.47085014343	-2.26281653086603	0.00046526276797354	PSNL.late.yes-PSL.late.no
719	S100A9	4.82734245724148	0.703034660603284	8.95165025387968	0.0114737606174145	PSL.early.yes-PSNL.late.no
723	S100A9	-8.33174083851002	-11.5671140592979	-5.09636761772216	1.95272731318141e-09	PSNL.early.yes-PSL.early.yes
725	S100A9	-7.0979257689582	-11.2222335655964	-2.97361797232	3.77630592929279e-05	PSNL.late.yes-PSL.early.yes
726	S100A9	7.50852357899701	3.38421578235881	11.6328313756352	1.22714469033003e-05	PSL.late.yes-PSNL.early.yes
728	S100A9	-6.2747085094452	-11.127768340627	-1.42164867826342	0.0035698294306642	PSNL.late.yes-PSL.late.yes
