variable	Difference	lwr	upr	p_adj	Groups
5	AIM2	-1.84474150339762	-3.60397686385313	-0.0855061429421176	0.0340573471503515	PSNL.early.yes-PSL.early.no
10	AIM2	1.72623290618261	0.0329100747917379	3.41955573757347	0.0429619039797862	PSL.early.yes-PSNL.early.no
23	AIM2	-1.63637485106786	-2.89850317068199	-0.374246531453729	0.00394915394608952	PSNL.early.yes-PSL.early.yes
25	AIM2	-2.10150004095501	-4.18086773359168	-0.0221323483183502	0.0460279519764779	PSNL.late.yes-PSL.early.yes
35	CCL2	-1.18261886021447	-2.27427505923576	-0.0909626611931895	0.0248954177111741	PSNL.late.yes-PSL.early.no
38	CCL2	1.17035604614058	0.238598998313634	2.10211309396753	0.00505483569922993	PSL.early.yes-PSNL.early.no
51	CCL2	-0.842774503371295	-1.51579670579925	-0.169752300943344	0.00524759069894798	PSNL.early.yes-PSL.early.yes
53	CCL2	-1.25719723581266	-2.13839014638751	-0.376004325237809	0.000897154162769365	PSNL.late.yes-PSL.early.yes
66	CCL20	3.68439995753466	0.861838835476403	6.50696107959292	0.00329608162899564	PSL.early.yes-PSNL.early.no
68	CCL20	3.90494299487061	0.704459513765364	7.10542647597586	0.00741551290151554	PSL.late.yes-PSNL.early.no
79	CCL20	-3.09374266947175	-5.12492233790201	-1.0625630010415	0.000365133748136626	PSNL.early.yes-PSL.early.yes
82	CCL20	3.3142857068077	0.784081353298439	5.84449006031697	0.0031535840376099	PSL.late.yes-PSNL.early.yes
85	CCL27	2.18027777141995	0.741929750847634	3.61862579199226	0.000347092734932608	PSNL.early.no-PSL.early.no
89	CCL27	2.39447687498105	1.21146681025162	3.57748693971048	1.06878060968096e-06	PSNL.early.yes-PSL.early.no
91	CCL27	2.08679361948891	0.700766785907813	3.47282045307001	0.000387587070597495	PSNL.late.yes-PSL.early.no
94	CCL27	-2.10946731941373	-3.29247738414316	-0.926457254684294	1.75639348732881e-05	PSL.early.yes-PSNL.early.no
96	CCL27	-1.93165075211298	-3.31767758569408	-0.545623918531885	0.00126630305348296	PSL.late.yes-PSNL.early.no
107	CCL27	2.32366642297483	1.46916036786581	3.17817247808385	2.94550162038831e-10	PSNL.early.yes-PSL.early.yes
109	CCL27	2.01598316748269	0.89717211624406	3.13479421872132	1.41636639587883e-05	PSNL.late.yes-PSL.early.yes
110	CCL27	-2.14584985567408	-3.26466090691272	-1.02703880443545	3.69781797482371e-06	PSL.late.yes-PSNL.early.yes
112	CCL27	1.83816660018195	0.506515092268033	3.16981810809586	0.00145287110989867	PSNL.late.yes-PSL.late.yes
163	CTLA4	-1.91844791173935	-3.52824051152459	-0.30865531195411	0.009736904009082	PSNL.early.yes-PSL.early.yes
169	CXCL1	-4.26419438256158	-6.80932193531741	-1.71906682980575	7.02977940119087e-05	PSNL.early.no-PSL.early.no
171	CXCL1	-5.44994444317288	-10.2114420971982	-0.688446789147508	0.0147069915120195	PSNL.late.no-PSL.early.no
173	CXCL1	-4.04324210636199	-6.19426748640036	-1.89221672632363	7.44000512231668e-06	PSNL.early.yes-PSL.early.no
175	CXCL1	-3.15352728631761	-5.99906639600247	-0.307988176632754	0.0202666022503383	PSNL.late.yes-PSL.early.no
178	CXCL1	4.06071079790203	1.96739856201331	6.15402303379074	3.80529221910564e-06	PSL.early.yes-PSNL.early.no
180	CXCL1	3.43884535441323	0.986299077328949	5.89139163149751	0.00124723521019188	PSL.late.yes-PSNL.early.no
187	CXCL1	5.24646085851333	0.710367631251168	9.78255408577548	0.0132047474802018	PSL.early.yes-PSNL.late.no
191	CXCL1	-3.83975852170244	-5.43073056504379	-2.2487864783611	1.87153154085351e-08	PSNL.early.yes-PSL.early.yes
193	CXCL1	-2.95004370165806	-5.39981403413224	-0.500273369183886	0.00854802343184469	PSNL.late.yes-PSL.early.yes
194	CXCL1	3.21789307821365	1.17725122648849	5.2585349299388	0.000202640386975483	PSL.late.yes-PSNL.early.yes
197	CXCL10	-2.27999461530275	-4.09172735044301	-0.468261880162481	0.00506290956850886	PSNL.early.no-PSL.early.no
199	CXCL10	-4.50319459738186	-7.73490034773132	-1.27148884703241	0.001328322325864	PSNL.late.no-PSL.early.no
203	CXCL10	-2.38238870368271	-4.10980808835055	-0.654969319014871	0.00153582916841388	PSNL.late.yes-PSL.early.no
206	CXCL10	2.80236869814233	1.28020873818323	4.32452865810144	1.05113249300182e-05	PSL.early.yes-PSNL.early.no
207	CXCL10	1.63864471712577	0.0935938492185122	3.18369558503303	0.030397060366102	PSNL.early.yes-PSNL.early.no
208	CXCL10	1.79006199416366	0.0381389829806174	3.54198500534671	0.0419433857292647	PSL.late.yes-PSNL.early.no
215	CXCL10	5.02556868022145	1.946848573267	8.1042887871759	0.000106243933864714	PSL.early.yes-PSNL.late.no
216	CXCL10	3.86184469920488	0.771742963390369	6.9519464350194	0.00550405060387638	PSNL.early.yes-PSNL.late.no
217	CXCL10	4.01326197624278	0.814702802118344	7.21182115036721	0.00524855899079202	PSL.late.yes-PSNL.late.no
219	CXCL10	-1.16372398101656	-2.22362013229376	-0.103827829739366	0.022068227474323	PSNL.early.yes-PSL.early.yes
221	CXCL10	-2.90476278652229	-4.32552778139304	-1.48399779165154	1.04646370535644e-06	PSNL.late.yes-PSL.early.yes
223	CXCL10	-1.74103880550573	-3.1863015537174	-0.29577605729406	0.00842854667012849	PSNL.late.yes-PSNL.early.yes
224	CXCL10	-1.89245608254362	-3.55703905255745	-0.227873112529798	0.0156561404858867	PSNL.late.yes-PSL.late.yes
234	CXCL2	2.17322086352928	0.422876945634175	3.92356478142438	0.00634360927402999	PSL.early.yes-PSNL.early.no
247	CXCL2	-1.92895398794436	-3.18419066404997	-0.673717311838752	0.000365623201311172	PSNL.early.yes-PSL.early.yes
249	CXCL2	-1.87469285453846	-3.37034993380544	-0.379035775271486	0.00569030423323058	PSNL.late.yes-PSL.early.yes
250	CXCL2	1.72034446928236	0.0938500970562941	3.34683884150843	0.0314936958175965	PSL.late.yes-PSNL.early.yes
309	FOXP3	-2.00205552808284	-3.6315583717454	-0.372552684420276	0.00662177385743323	PSNL.early.no-PSL.early.no
313	FOXP3	-1.75646179521724	-3.10757417702871	-0.405349413405775	0.00330431352796745	PSNL.early.yes-PSL.early.no
315	FOXP3	-1.85697208611086	-3.42720031628172	-0.286743855940009	0.0102172130180811	PSNL.late.yes-PSL.early.no
318	FOXP3	2.16236761324384	0.822136850600585	3.50259837588709	0.000121787533904016	PSL.early.yes-PSNL.early.no
331	FOXP3	-1.91677388037824	-2.89985253842916	-0.933695222327324	2.66906425083757e-06	PSNL.early.yes-PSL.early.yes
333	FOXP3	-2.01728417127186	-3.28478394423296	-0.749784398310766	0.000154943320960332	PSNL.late.yes-PSL.early.yes
361	IFIH1	-1.7079079151364	-3.19212315029984	-0.223692679972967	0.0138287051986409	PSNL.late.yes-PSL.early.yes
365	IFNG	-2.27999461530275	-4.09172735044301	-0.468261880162481	0.00506290956850886	PSNL.early.no-PSL.early.no
367	IFNG	-4.50319459738186	-7.73490034773132	-1.27148884703241	0.001328322325864	PSNL.late.no-PSL.early.no
371	IFNG	-2.38238870368271	-4.10980808835055	-0.654969319014871	0.00153582916841388	PSNL.late.yes-PSL.early.no
374	IFNG	2.80236869814233	1.28020873818323	4.32452865810144	1.05113249300182e-05	PSL.early.yes-PSNL.early.no
375	IFNG	1.63864471712577	0.0935938492185122	3.18369558503303	0.030397060366102	PSNL.early.yes-PSNL.early.no
376	IFNG	1.79006199416366	0.0381389829806174	3.54198500534671	0.0419433857292647	PSL.late.yes-PSNL.early.no
383	IFNG	5.02556868022145	1.946848573267	8.1042887871759	0.000106243933864714	PSL.early.yes-PSNL.late.no
384	IFNG	3.86184469920488	0.771742963390369	6.9519464350194	0.00550405060387638	PSNL.early.yes-PSNL.late.no
385	IFNG	4.01326197624278	0.814702802118344	7.21182115036721	0.00524855899079202	PSL.late.yes-PSNL.late.no
387	IFNG	-1.16372398101656	-2.22362013229376	-0.103827829739366	0.022068227474323	PSNL.early.yes-PSL.early.yes
389	IFNG	-2.90476278652229	-4.32552778139304	-1.48399779165154	1.04646370535644e-06	PSNL.late.yes-PSL.early.yes
391	IFNG	-1.74103880550573	-3.1863015537174	-0.29577605729406	0.00842854667012849	PSNL.late.yes-PSNL.early.yes
392	IFNG	-1.89245608254362	-3.55703905255745	-0.227873112529798	0.0156561404858867	PSNL.late.yes-PSL.late.yes
415	IFNGR	-0.66385560644893	-1.27605224836846	-0.051658964529397	0.0247032642542493	PSNL.early.yes-PSL.early.yes
417	IFNGR	-1.04351637657515	-1.84506993423058	-0.241962818919707	0.00324404277107293	PSNL.late.yes-PSL.early.yes
421	IL1b	-3.25013351714909	-6.11589747062525	-0.384369563672939	0.0164729952009476	PSNL.early.no-PSL.early.no
430	IL1b	4.08847508732556	1.76694095166017	6.41000922299095	3.51105076189517e-05	PSL.early.yes-PSNL.early.no
432	IL1b	4.53806661296661	1.67230265949045	7.40383056644276	0.00022111108470324	PSL.late.yes-PSNL.early.no
443	IL1b	-3.08387491446952	-4.77578683960953	-1.39196298932952	1.83884878790508e-05	PSNL.early.yes-PSL.early.yes
445	IL1b	-3.13033262088913	-5.66333402686783	-0.597331214910432	0.00663481052341763	PSNL.late.yes-PSL.early.yes
446	IL1b	3.53346644011057	1.14900669911795	5.91792618110318	0.000619092582118563	PSL.late.yes-PSNL.early.yes
448	IL1b	-3.57992414653017	-6.61952583370461	-0.540322459355737	0.0112211299921672	PSNL.late.yes-PSL.late.yes
449	IL1F6	-4.1253613366021	-6.86424390086565	-1.38647877233855	0.000384978947851833	PSNL.early.no-PSL.early.no
451	IL1F6	-5.16277774175007	-10.2867578307916	-0.038797652708543	0.0470336331149631	PSNL.late.no-PSL.early.no
453	IL1F6	-4.08727794535019	-6.33994947775617	-1.83460641294421	1.22659011779769e-05	PSNL.early.yes-PSL.early.no
455	IL1F6	-3.04744463875179	-5.68669791667976	-0.408191360823825	0.0131775995137167	PSNL.late.yes-PSL.early.no
458	IL1F6	4.45402446135976	2.20135292895378	6.70669599376574	1.85125492613292e-06	PSL.early.yes-PSNL.early.no
460	IL1F6	2.82731601552215	0.188062737594187	5.46656929345012	0.0276295440282579	PSL.late.yes-PSNL.early.no
467	IL1F6	5.49144086650773	0.610024751794763	10.3728569812207	0.0172429203017115	PSL.early.yes-PSNL.late.no
471	IL1F6	-4.41594107010785	-6.04307977501218	-2.78880236520353	3.13442716226575e-10	PSNL.early.yes-PSL.early.yes
473	IL1F6	-3.37610776350945	-5.50653241534273	-1.24568311167618	0.000163677698628573	PSNL.late.yes-PSL.early.yes
474	IL1F6	2.78923262427025	0.658807972436967	4.91965727610352	0.00299196169286553	PSL.late.yes-PSNL.early.yes
486	IL1RN	0.997581656462226	0.0786026364936039	1.91656067643085	0.0244227753937908	PSL.early.yes-PSNL.early.no
488	IL1RN	1.16861078474256	0.091925455386652	2.24529611409848	0.0244555649283231	PSL.late.yes-PSNL.early.no
499	IL1RN	-0.995666803098191	-1.65945924281927	-0.331874363377111	0.000411788757965215	PSNL.early.yes-PSL.early.yes
502	IL1RN	1.16669593137853	0.297587616875312	2.03580424588175	0.00214229119650045	PSL.late.yes-PSNL.early.yes
527	IL22RA1	-0.845332382664605	-1.49482329098709	-0.195841474342122	0.00325489601095086	PSNL.early.yes-PSL.early.yes
529	IL22RA1	-0.984385210741079	-1.82938279017736	-0.139387631304797	0.0120280305670303	PSNL.late.yes-PSL.early.yes
533	CXCL8	-8.59319448471069	-14.7206053341821	-2.46578363523931	0.00159095408225463	PSNL.early.no-PSL.early.no
537	CXCL8	-5.17529363632202	-9.71950314348834	-0.631084129155696	0.0164144850182967	PSNL.early.yes-PSL.early.no
542	CXCL8	8.95707887761733	3.34711619039408	14.5670415648406	0.000256274472920648	PSL.early.yes-PSNL.early.no
544	CXCL8	8.50516732533773	2.48816931852424	14.5221653321512	0.00143573325454216	PSL.late.yes-PSNL.early.no
555	CXCL8	-5.53917802922866	-9.3570776715501	-1.72127838690721	0.00101495124532558	PSNL.early.yes-PSL.early.yes
558	CXCL8	5.08726647694906	0.693072427888561	9.48146052600955	0.0140066550093766	PSL.late.yes-PSNL.early.yes
561	LCN2	-6.89152817410071	-11.251444779715	-2.53161156848645	0.000310670898544529	PSNL.early.no-PSL.early.no
565	LCN2	-3.70926613075871	-6.56350154060475	-0.855030720912672	0.00412371190735517	PSNL.early.yes-PSL.early.no
568	LCN2	6.23518894447598	1.02409188313371	11.4462860058182	0.0101466365126948	PSL.late.no-PSNL.early.no
570	LCN2	7.58084978210651	3.64163067292619	11.5200688912868	1.18856063815453e-05	PSL.early.yes-PSNL.early.no
572	LCN2	5.19554648564916	0.835629880034898	9.55546309126342	0.0105771167632045	PSL.late.yes-PSNL.early.no
579	LCN2	6.19089623772213	0.796898325088462	11.5848941503558	0.0153328776495922	PSL.early.yes-PSNL.late.no
583	LCN2	-4.39858773876451	-6.55618690381798	-2.24098857371105	4.02742351246488e-06	PSNL.early.yes-PSL.early.yes
617	PI3	-8.699944640294	-12.4511616514799	-4.94872762910816	3.26248649207272e-08	PSNL.early.no-PSL.early.no
619	PI3	-9.44952788158992	-16.4674123012377	-2.43164346194212	0.00205519377406171	PSNL.late.no-PSL.early.no
621	PI3	-7.88522392322874	-10.9705185916577	-4.79992925479977	1.99064109640545e-09	PSNL.early.yes-PSL.early.no
623	PI3	-6.93028987364699	-10.5450530336927	-3.31552671360127	3.73048141855126e-06	PSNL.late.yes-PSL.early.no
624	PI3	8.2636675156824	2.9586455430587	13.5686894883061	0.000220132635841752	PSL.late.no-PSNL.early.no
626	PI3	8.92801470622236	5.84272003779339	12.0133093746513	4.19370094206784e-11	PSL.early.yes-PSNL.early.no
628	PI3	8.32620241573799	4.71143925569228	11.9409655757837	3.93647209273595e-08	PSL.late.yes-PSNL.early.no
630	PI3	-9.01325075697831	-16.9707837159139	-1.05571779804277	0.0160903065681012	PSNL.late.no-PSL.late.no
632	PI3	-7.44894679861713	-12.3059697814788	-2.59192381575548	0.000286138881727571	PSNL.early.yes-PSL.late.no
634	PI3	-6.49401274903538	-11.7034409103822	-1.28458458768852	0.00554226503813604	PSNL.late.yes-PSL.late.no
635	PI3	9.67759794751827	2.99193299528192	16.3632628997546	0.000720503077500378	PSL.early.yes-PSNL.late.no
637	PI3	9.0757856570339	2.12988144190475	16.0216898721631	0.00307066093014485	PSL.late.yes-PSNL.late.no
639	PI3	-8.11329398915709	-10.3418489732359	-5.88473900507831	3.65008023806013e-12	PSNL.early.yes-PSL.early.yes
641	PI3	-7.15835993957534	-10.0762233409788	-4.24049653817187	6.66941757376804e-09	PSNL.late.yes-PSL.early.yes
642	PI3	7.51148169867273	4.59361829726926	10.4293451000762	1.60010715788417e-09	PSL.late.yes-PSNL.early.yes
644	PI3	-6.55654764909097	-10.0294997566555	-3.0835955415264	5.24650138478133e-06	PSNL.late.yes-PSL.late.yes
645	PYCARD	-1.13050002313394	-2.23667097234318	-0.0243290739247017	0.04183680495524	PSNL.early.no-PSL.early.no
654	PYCARD	1.11460448053691	0.204802855680394	2.02440610539342	0.00688281629906795	PSL.early.yes-PSNL.early.no
656	PYCARD	1.15343666405374	0.0875036657785215	2.21936966232897	0.0252343776874842	PSL.late.yes-PSNL.early.no
667	PYCARD	-0.877132141683788	-1.54448479869377	-0.209779484673807	0.00288828373332606	PSNL.early.yes-PSL.early.yes
670	PYCARD	0.915964325200625	0.0477283382484976	1.78420031215275	0.0318044179738846	PSL.late.yes-PSNL.early.yes
673	S100A8	-8.68336115870742	-12.0814453397983	-5.2852769776165	2.21289431223681e-09	PSNL.early.no-PSL.early.no
675	S100A8	-6.94888931598207	-13.3061227045113	-0.591655927452812	0.0229065907015176	PSNL.late.no-PSL.early.no
677	S100A8	-6.71586804156288	-9.53341060024305	-3.89832548288271	1.6559504545377e-08	PSNL.early.yes-PSL.early.no
679	S100A8	-4.98488897646241	-8.25936482681011	-1.7104131261147	0.000328914371760858	PSNL.late.yes-PSL.early.no
680	S100A8	8.06272257615339	3.25710584116915	12.8683393111376	5.95936730017899e-05	PSL.late.no-PSNL.early.no
682	S100A8	8.77869771122486	5.9838471399223	11.5735482825274	3.19111403968009e-12	PSL.early.yes-PSNL.early.no
684	S100A8	8.5048293909	5.23035354055229	11.7793052412477	1.35655853217287e-09	PSL.late.yes-PSNL.early.no
685	S100A8	3.69847218224501	0.423996331897307	6.97294803259271	0.0165976255393147	PSNL.late.yes-PSNL.early.no
688	S100A8	-6.09522945900886	-10.509470296543	-1.68098862147469	0.00146125528725582	PSNL.early.yes-PSL.late.no
691	S100A8	7.04422586849951	0.987937403576368	13.1005143334226	0.0122318997955129	PSL.early.yes-PSNL.late.no
693	S100A8	6.77035754817465	0.478328277028403	13.0623868193209	0.026552847669241	PSL.late.yes-PSNL.late.no
695	S100A8	-6.81120459408032	-8.86126793068821	-4.76114125747243	8.53650483634283e-13	PSNL.early.yes-PSL.early.yes
697	S100A8	-5.08022552897985	-7.72340651193205	-2.43704454602764	3.68153035668062e-06	PSNL.late.yes-PSL.early.yes
698	S100A8	6.53733627375546	3.87017259998065	9.20449994753027	7.50336259791595e-09	PSL.late.yes-PSNL.early.yes
700	S100A8	-4.80635720865499	-7.95237184422811	-1.66034257308186	0.000310261219490626	PSNL.late.yes-PSL.late.yes
701	S100A9	-8.49182223214043	-12.6978846926113	-4.28575977166951	1.25710898346565e-06	PSNL.early.no-PSL.early.no
703	S100A9	-7.6820552084181	-15.1846829283839	-0.17942748845229	0.0411830661007347	PSNL.late.no-PSL.early.no
705	S100A9	-7.34944763993905	-10.6478515348239	-4.05104374505421	1.1042270253725e-07	PSNL.early.yes-PSL.early.no
707	S100A9	-5.51334086675492	-9.37778500176267	-1.64889673174718	0.000919950140515824	PSNL.late.yes-PSL.early.no
708	S100A9	7.82985092798869	2.01834048554435	13.641361370433	0.00207606571963337	PSL.late.no-PSNL.early.no
710	S100A9	8.65078766743343	5.09197886272224	12.2095964721446	1.04255868382808e-08	PSL.early.yes-PSNL.early.no
712	S100A9	8.27460037413097	4.20739031160391	12.341810436658	1.05033881947492e-06	PSL.late.yes-PSNL.early.no
716	S100A9	-6.68747633578731	-11.8799863699662	-1.49496630160842	0.00375087430773768	PSNL.early.yes-PSL.late.no
719	S100A9	7.84102064371109	0.681161609379027	15.0008796780432	0.0225350505517499	PSL.early.yes-PSNL.late.no
721	S100A9	7.46483335040864	0.0391576925484021	14.8905090082689	0.0479247453107585	PSL.late.yes-PSNL.late.no
723	S100A9	-7.50841307523204	-9.92784006129686	-5.08898608916723	2.88824519856234e-12	PSNL.early.yes-PSL.early.yes
725	S100A9	-5.67230630204792	-8.82001771825223	-2.52459488584361	1.5142331875273e-05	PSNL.late.yes-PSL.early.yes
726	S100A9	7.13222578192959	4.01281806168361	10.2516335021756	5.60240176472604e-08	PSL.late.yes-PSNL.early.yes
728	S100A9	-5.29611900874547	-9.00895683767559	-1.58328117981535	0.000922344751245641	PSNL.late.yes-PSL.late.yes
