SAMPLE	AIM2	CTLA4	EOMES	FOXP3	IFIH1	IL10	IL17A	IL17F	IL22	IL4	INFG	OAS2	PYCARD	TIGIT2
1	P018_72h	26.9820003509521	28.9069995880127	25.0440006256104	28.4640007019043	25.2310009002686	28.1089992523193	NA	36.6059989929199	NA	NA	30.1410007476807	25.2889995574951	24.3850002288818	26.7310009002686
2	P018_72h.1	27.0510005950928	28.7369995117188	25.0580005645752	28.3740005493164	25.306999206543	28.4340000152588	39.3240013122559	NA	NA	NA	30.2870006561279	25.1539993286133	24.5160007476807	26.632999420166
3	P018_72h.2	27.1679992675781	28.9150009155273	25.0109996795654	28.3740005493164	25.1940002441406	28.2089996337891	33.1269989013672	34.5779991149902	NA	37.3300018310547	30.496000289917	25.2390003204346	24.488000869751	26.6459999084473
4	P018_PMA	25.4160003662109	25.9479999542236	27.1499996185303	29.548999786377	26.2800006866455	29.7859992980957	27.6270008087158	27.4160003662109	31.0590000152588	30.0049991607666	18.9090003967285	25.6979999542236	30.1159992218018	26.1749992370605
5	P018_PMA.1	25.4580001831055	26.076000213623	27.1299991607666	29.5389995574951	26.4169998168945	30.121000289917	27.7490005493164	27.5729999542236	30.507999420166	30.2390003204346	18.5739994049072	25.7689990997314	30.1499996185303	26.1359996795654
6	P018_PMA.2	25.3819999694824	25.9130001068115	26.9580001831055	29.5839996337891	26.1280002593994	29.5109996795654	27.9489994049072	27.3020000457764	30.42799949646	29.5	18.4360008239746	26.0669994354248	29.6049995422363	26.298999786377
7	P018_SEB	24.4619998931885	21.9899997711182	23.67799949646	24.2810001373291	23.7940006256104	23.5069999694824	23.3349990844727	21.1800003051758	28.1800003051758	27.2250003814697	18.7999992370605	22.6900005340576	25.5960006713867	24.7590007781982
8	P018_SEB.1	24.5209999084473	21.9899997711182	23.6749992370605	24.2059993743896	23.7469997406006	23.4610004425049	23.5049991607666	21.128999710083	28.3819999694824	27.1180000305176	18.7210006713867	22.6259994506836	25.4589996337891	24.673999786377
9	P018_SEB.2	24.492000579834	21.9909992218018	23.5200004577637	24.2399997711182	23.617000579834	23.5130004882812	23.4309997558594	21.1350002288818	28.2800006866455	27.0480003356934	18.5970001220703	22.6459999084473	25.742000579834	24.8279991149902
10	P019_72h	27.1770000457764	32.060001373291	27.9150009155273	32.181999206543	26.1049995422363	35.1590003967285	NA	NA	NA	NA	NA	27.3059997558594	27.0939998626709	27.7430000305176
11	P019_72h.1	27.1200008392334	32.4860000610352	27.931999206543	32.4900016784668	26.1030006408691	NA	NA	37.1080017089844	NA	NA	31.5639991760254	NA	27.2560005187988	28.0370006561279
12	P019_72h.2	27.32200050354	NA	27.8740005493164	31.8339996337891	26.318000793457	34.4220008850098	36.7620010375977	NA	NA	NA	31.363000869751	27.7639999389648	27.1119995117188	27.57200050354
13	P019_PMA	22.92799949646	24.5499992370605	25.0429992675781	NA	25.3689994812012	28.2479991912842	24.2880001068115	25.3540000915527	27.6879997253418	23.9939994812012	16.9080009460449	26.5779991149902	NA	25.2719993591309
14	P019_PMA.1	22.9400005340576	24.4540004730225	25.0779991149902	37.4129981994629	25.2280006408691	28.2199993133545	24.6809997558594	25.1770000457764	27.5830001831055	23.9500007629395	16.8589992523193	26.443000793457	31.3229999542236	25.1660003662109
15	P019_PMA.2	22.8889999389648	24.4710006713867	25.07200050354	37.2750015258789	24.9939994812012	28.2049999237061	24.3349990844727	25.1580009460449	27.6240005493164	23.8659992218018	16.7800006866455	26.4990005493164	30.9400005340576	25.2530002593994
16	P019_SEB	22.5380001068115	22.7770004272461	23.3889999389648	24.9099998474121	22.2900009155273	24.4790000915527	27.0389995574951	21.1019992828369	26.2609996795654	24.5550003051758	17.5769996643066	22.7730007171631	24.3050003051758	23.1679992675781
17	P019_SEB.1	22.6040000915527	22.7730007171631	23.4799995422363	24.9230003356934	22.2689990997314	24.4379997253418	27.1720008850098	20.9839992523193	25.8810005187988	24.4020004272461	17.6310005187988	22.8600006103516	24.3600006103516	23.1359996795654
18	P019_SEB.2	22.556999206543	22.878999710083	23.5620002746582	24.9190006256104	22.2800006866455	24.4640007019043	27.0939998626709	20.8120002746582	26.0310001373291	24.4769992828369	18.0830001831055	22.8549995422363	24.1940002441406	23.1560001373291
19	P020_72h	25.3360004425049	26.9909992218018	23.371000289917	27.7819995880127	23.3649997711182	26.3780002593994	37.1339988708496	NA	NA	NA	29.6830005645752	23.2029991149902	23.121000289917	24.8290004730225
20	P020_72h.1	25.5450000762939	27.2199993133545	23.3330001831055	27.7609996795654	23.298999786377	26.4109992980957	38.5229988098145	33.923999786377	NA	39.8520011901855	29.0790004730225	23.2080001831055	23.0769996643066	24.8299999237061
21	P020_72h.2	25.3950004577637	27.4519996643066	23.3899993896484	27.6319999694824	23.4230003356934	26.5580005645752	38.4249992370605	NA	NA	NA	29.2469997406006	23.2569999694824	23.0690002441406	24.8999996185303
22	P020_PMA	22.5709991455078	22.4750003814697	23.6259994506836	26.8360004425049	25.55299949646	26.9580001831055	20.9850006103516	23.3390007019043	24.2590007781982	25.7129993438721	16.056999206543	24.1030006408691	29.9939994812012	25.5450000762939
23	P020_PMA.1	22.5599994659424	22.5650005340576	23.7049999237061	26.7509994506836	25.2099990844727	27.1299991607666	21.0480003356934	23.6299991607666	24.2189998626709	25.8339996337891	16.0990009307861	24.0860004425049	29.7959995269775	25.4529991149902
24	P020_PMA.2	22.7940006256104	22.5690002441406	23.7240009307861	27.1439990997314	25.003999710083	27.253999710083	20.9729995727539	23.3560009002686	24.2350006103516	25.8419990539551	15.9350004196167	24.2199993133545	29.9720001220703	25.6280002593994
25	P020_SEB	21.5090007781982	20.068000793457	21.6539993286133	22.4370002746582	22.0289993286133	22.2080001831055	21.2859992980957	18.7269992828369	23.9930000305176	26.2229995727539	16.3390007019043	20.5750007629395	23.5739994049072	22.3349990844727
26	P020_SEB.1	21.8330001831055	20.0830001831055	21.6730003356934	22.4950008392334	21.9710006713867	22.1830005645752	21.2770004272461	19.0830001831055	24.1480007171631	26.2670001983643	16.7350006103516	20.5319995880127	23.5629997253418	22.4340000152588
27	P020_SEB.2	21.6389999389648	20.1459999084473	21.7099990844727	22.4710006713867	22.0729999542236	22.42799949646	21.2229995727539	18.4950008392334	24.0650005340576	26.3449993133545	16.378999710083	20.5510005950928	23.4990005493164	22.44700050354
28	P021_72h	24.5179996490479	28.0450000762939	22.0160007476807	29.9209995269775	23.5580005645752	27.6800003051758	NA	36.0069999694824	NA	35.3969993591309	27.8309993743896	23.4750003814697	23.8889999389648	23.8199996948242
29	P021_72h.1	24.3950004577637	28.0799999237061	22.0790004730225	29.7310009002686	23.6639995574951	27.7950000762939	NA	32.6069984436035	NA	NA	27.8999996185303	23.5459995269775	23.8799991607666	23.7169990539551
30	P021_72h.2	24.7479991912842	28.2849998474121	22.1539993286133	29.9489994049072	23.5349998474121	28.1450004577637	NA	NA	NA	NA	27.3379993438721	23.6790008544922	23.9850006103516	23.9249992370605
31	P021_PMA	23.318000793457	24.0470008850098	23.0289993286133	27.3950004577637	25.6450004577637	27.2929992675781	19.9580001831055	21.5319995880127	24.136999130249	26.2259998321533	14.8929996490479	25.3159999847412	31.5699996948242	25.0750007629395
32	P021_PMA.1	23.2889995574951	24.0939998626709	23.0279998779297	27.2019996643066	25.5480003356934	27.326000213623	19.9260005950928	21.6770000457764	24.1989994049072	25.871000289917	15.0120000839233	25.4220008850098	31.1219997406006	25.0020008087158
33	P021_PMA.2	23.4050006866455	24.1599998474121	23.0249996185303	27.2810001373291	25.6149997711182	27.5520000457764	20.2479991912842	21.5330009460449	24.3059997558594	26.0879993438721	14.918999671936	25.3999996185303	30.7940006256104	25.0270004272461
34	P021_SEB	22.5440006256104	22.4710006713867	20.257999420166	24.6830005645752	21.9090003967285	26.7910003662109	23.8719997406006	20.7689990997314	24.5620002746582	25.3610000610352	16.8400001525879	20.7189998626709	23.8689994812012	21.0629997253418
35	P021_SEB.1	22.5259990692139	22.4479999542236	20.2290000915527	24.7000007629395	21.8099994659424	26.701000213623	23.8740005493164	20.7730007171631	24.4249992370605	25.4810009002686	16.9860000610352	20.5639991760254	23.8840007781982	21.0470008850098
36	P021_SEB.2	22.4740009307861	22.4529991149902	20.2800006866455	24.6790008544922	21.7840003967285	26.6989994049072	23.8460006713867	20.67799949646	24.4640007019043	25.5659999847412	16.757999420166	20.6499996185303	24.0990009307861	20.9790000915527
37	P022_72h	25.7980003356934	28.8080005645752	24.5629997253418	27.9990005493164	24.7000007629395	28.4090003967285	NA	NA	NA	NA	NA	24.1749992370605	NA	25.9810009002686
38	P022_72h.1	25.8770008087158	29.1310005187988	24.6949996948242	28.2000007629395	24.5799999237061	28.1420001983643	31.4979991912842	35.9720001220703	NA	NA	33.1510009765625	24.1420001983643	24.1539993286133	26.1299991607666
39	P022_72h.2	25.923999786377	28.7299995422363	24.7479991912842	28.0149993896484	24.7430000305176	28.0610008239746	33.7169990539551	NA	NA	NA	32.6679992675781	24.1959991455078	24.0459995269775	26.0650005340576
40	P022_PMA	24.7679996490479	26.3540000915527	26.1019992828369	28.1909999847412	27.0249996185303	28.3700008392334	22.9209995269775	NA	27.2689990997314	29.6580009460449	19.3729991912842	26.8449993133545	31.5750007629395	27.5230007171631
41	P022_PMA.1	24.3859996795654	26.4039993286133	25.9489994049072	28.3619995117188	27.4029998779297	27.75	22.992000579834	25.9379997253418	27.1609992980957	29.8999996185303	19.2639999389648	26.9449996948242	34.4539985656738	27.3859996795654
42	P022_PMA.2	24.3910007476807	26.4750003814697	26.4379997253418	28.5160007476807	27.0149993896484	27.8519992828369	22.8050003051758	25.5699996948242	27.2409992218018	30.3400001525879	19.0869998931885	26.9720001220703	NA	27.5410003662109
43	P022_SEB	21.9659996032715	19.9300003051758	21.9449996948242	22.6280002593994	21.9440002441406	29	20.4459991455078	19.0779991149902	25.0300006866455	27.0860004425049	15.8760004043579	20.9020004272461	22.4969997406006	22.9689998626709
44	P022_SEB.1	21.9869995117188	19.9009990692139	22.0020008087158	22.5960006713867	21.9200000762939	28.8819999694824	20.378999710083	19.3579998016357	25.1219997406006	26.8600006103516	16.2770004272461	20.6900005340576	22.4990005493164	23.0109996795654
45	P022_SEB.2	21.9990005493164	19.9260005950928	22.05299949646	22.5909996032715	21.7210006713867	29.4130001068115	20.4349994659424	19.1490001678467	24.7310009002686	26.9909992218018	16.1009998321533	20.8850002288818	22.5060005187988	23.0820007324219
46	P023_72h	25.1639995574951	28.5729999542236	24.6100006103516	29.0259990692139	24.0520000457764	25.6359996795654	NA	NA	NA	NA	32.5499992370605	23.1420001983643	23.6979999542236	25.9249992370605
47	P023_72h.1	25.2140007019043	28.5890007019043	24.6060009002686	28.8700008392334	24.1690006256104	25.5690002441406	NA	35.2550010681152	NA	NA	NA	23.1669998168945	23.80299949646	25.7549991607666
48	P023_72h.2	25.2210006713867	28.3330001831055	24.5459995269775	28.9610004425049	23.9979991912842	25.6620006561279	NA	34.1230010986328	NA	NA	33.2490005493164	23.1399993896484	23.7250003814697	25.8490009307861
49	P023_PMA	22.2830009460449	22.9899997711182	24.9139995574951	27.1140003204346	25.3020000457764	25.492000579834	20.4720001220703	24.1669998168945	25.8199996948242	28.0620002746582	17.1550006866455	24.2490005493164	32.8129997253418	25.5330009460449
50	P023_PMA.1	22.2450008392334	22.9930000305176	24.9200000762939	27.1770000457764	25.32200050354	25.4039993286133	20.5330009460449	24.0060005187988	25.7159996032715	27.8379993438721	17.2740001678467	24.2269992828369	31.4680004119873	25.5389995574951
51	P023_PMA.2	22.3619995117188	23.0459995269775	NA	27.181999206543	25.3799991607666	25.6079998016357	20.4799995422363	24.0900001525879	25.8889999389648	27.7240009307861	16.9829998016357	24.3169994354248	31.8129997253418	25.5009994506836
52	P023_SEB	21.1070003509521	19.8360004425049	21.6860008239746	22.1439990997314	21.0459995269775	23.4619998931885	21.2700004577637	18.7999992370605	23.7290000915527	27.617000579834	14.8579998016357	19.7229995727539	22.681999206543	22.5009994506836
53	P023_SEB.1	21.1350002288818	19.8059997558594	21.6469993591309	22.0990009307861	20.9790000915527	23.5330009460449	21.2150001525879	18.6100006103516	23.1439990997314	27.798999786377	14.6440000534058	19.7080001831055	22.5599994659424	22.4549999237061
54	P023_SEB.2	21.1219997406006	19.818000793457	21.7000007629395	22.0979995727539	20.9839992523193	23.4720001220703	21.1940002441406	18.4559993743896	23.2280006408691	27.7229995727539	14.6120004653931	19.6049995422363	22.5620002746582	22.507999420166
55	P024_72h	26.2070007324219	28.2250003814697	23.1790008544922	28.8040008544922	23.613000869751	24.943000793457	NA	NA	NA	NA	27.9599990844727	23.386999130249	21.8409996032715	25.2259998321533
56	P024_72h.1	26.4990005493164	28.0699996948242	23.1690006256104	28.8530006408691	23.6229991912842	24.8080005645752	NA	35.2569999694824	NA	33.5110015869141	27.882999420166	23.4069995880127	21.7229995727539	25.1959991455078
57	P024_72h.2	26.3799991607666	28.1299991607666	23.2180004119873	28.6860008239746	23.7789993286133	24.9099998474121	NA	NA	NA	NA	27.7940006256104	23.3579998016357	21.8390007019043	25.3159999847412
58	P024_PMA	25.4810009002686	26.6000003814697	27.6609992980957	29.1590003967285	25.9340000152588	NA	25.9130001068115	29.0170001983643	NA	29.2800006866455	18.0219993591309	25.3390007019043	30.1100006103516	27.1310005187988
59	P024_PMA.1	25.6520004272461	26.6299991607666	27.3880004882812	28.951000213623	25.8759994506836	30.8969993591309	26.0669994354248	28.761999130249	31.1149997711182	28.9640007019043	17.9610004425049	25.3999996185303	30.4549999237061	27.0729999542236
60	P024_PMA.2	25.6180000305176	26.5790004730225	27.3770008087158	28.7110004425049	26.1079998016357	31.0219993591309	25.8780002593994	28.5340003967285	30.9519996643066	28.5669994354248	17.9669990539551	25.451000213623	30.253999710083	27.201000213623
61	P024_SEB	22.8770008087158	21.6049995422363	22.0909996032715	23.7269992828369	22.7609996795654	24.1110000610352	22.4869995117188	21.0349998474121	29.2290000915527	25.5209999084473	18.5160007476807	21.9150009155273	23.9909992218018	24.1509990692139
62	P024_SEB.1	22.9090003967285	21.6480007171631	22.0550003051758	23.6490001678467	22.6569995880127	23.9680004119873	22.4689998626709	20.992000579834	29.136999130249	25.6520004272461	18.7779998779297	21.753999710083	24.0669994354248	24.2450008392334
63	P024_SEB.2	22.9519996643066	21.6630001068115	22.613000869751	23.5709991455078	22.8910007476807	24.2110004425049	22.4659996032715	20.992000579834	28.798999786377	25.5580005645752	18.6749992370605	21.7490005493164	24.1590003967285	24.1200008392334
64	P025_72h	25.113000869751	26.257999420166	23.1200008392334	25.8740005493164	23.6389999389648	26.6620006561279	34.9739990234375	36.726001739502	NA	33.8889999389648	29.5960006713867	23.7350006103516	23.0389995574951	25.257999420166
65	P025_72h.1	25.0939998626709	26.1399993896484	23.1770000457764	25.8659992218018	23.9529991149902	26.5540008544922	35.492000579834	36.7290000915527	NA	37.3250007629395	29.4330005645752	23.3880004882812	23.0970001220703	25.0160007476807
66	P025_72h.2	25.2110004425049	26.3560009002686	23.1650009155273	26.0450000762939	23.6760005950928	26.4220008850098	34.9449996948242	NA	NA	33.5989990234375	29.07200050354	23.3939990997314	23.1509990692139	25.2320003509521
67	P025_PMA	21.6749992370605	21.7709999084473	22.7919998168945	26.4309997558594	24.3579998016357	24.9810009002686	21.8689994812012	23.503999710083	26.7689990997314	25.5769996643066	15.2580003738403	23.7159996032715	28.8959999084473	24.3290004730225
68	P025_PMA.1	21.7159996032715	21.7520008087158	22.8330001831055	26.4479999542236	24.6900005340576	24.9220008850098	21.9200000762939	23.7210006713867	26.5890007019043	25.3269996643066	15.418999671936	23.7509994506836	29.3859996795654	24.3939990997314
69	P025_PMA.2	21.80299949646	21.8279991149902	22.8020000457764	26.5100002288818	24.1490001678467	25.0389995574951	21.6009998321533	23.488000869751	26.7430000305176	25.6040000915527	15.0830001831055	23.6900005340576	28.6319999694824	24.4039993286133
70	P025_SEB	20.9130001068115	18.7980003356934	21.0179996490479	21.6000003814697	21.9099998474121	22.9850006103516	21.2369995117188	19.9909992218018	26.5520000457764	25.3589992523193	17.3740005493164	20.2600002288818	22.6450004577637	22.7719993591309
71	P025_SEB.1	20.9850006103516	18.9160003662109	21.0429992675781	21.5970001220703	22.003999710083	23.0179996490479	21.2189998626709	20.1660003662109	26.5820007324219	25.3579998016357	17.1420001983643	20.2590007781982	22.6499996185303	22.7959995269775
72	P025_SEB.2	21.0020008087158	18.992000579834	21.1380004882812	20.9489994049072	22	23.0970001220703	21.2070007324219	20.1639995574951	26.5550003051758	25.5060005187988	16.8689994812012	20.2719993591309	22.7409992218018	22.9260005950928
73	P026_72h	25.9990005493164	27.9930000305176	23.7129993438721	29.2700004577637	24.1420001983643	25.9090003967285	35.6030006408691	NA	NA	NA	NA	23.3700008392334	22.5020008087158	25.4370002746582
74	P026_72h.1	25.9650001525879	28.0990009307861	23.6889991760254	29.5919990539551	23.9820003509521	25.94700050354	33.390998840332	37.515998840332	NA	NA	29.1159992218018	23.3360004425049	22.4740009307861	25.1940002441406
75	P026_72h.2	25.9209995269775	28.2070007324219	23.6180000305176	30.1140003204346	24.0869998931885	25.8110008239746	NA	NA	NA	NA	29.2390003204346	23.4139995574951	22.5629997253418	25.4389991760254
76	P026_PMA	22.3239994049072	23.2770004272461	23.9220008850098	27.7250003814697	23.8199996948242	27.0610008239746	23.2320003509521	25.0289993286133	28.3540000915527	26.8880004882812	15.9359998703003	23.0919990539551	28.7240009307861	25.0890007019043
77	P026_PMA.1	22.3290004730225	23.261999130249	24.0049991607666	27.8129997253418	23.5160007476807	27.5139999389648	23.076000213623	24.82200050354	29.0090007781982	26.7409992218018	15.9300003051758	22.9519996643066	29	25.0639991760254
78	P026_PMA.2	22.2929992675781	23.1840000152588	24.5790004730225	27.8479995727539	23.6949996948242	27.173999786377	23.2360000610352	24.6319999694824	28.7900009155273	26.5909996032715	16.0520000457764	23.1319999694824	29.0779991149902	25.2630004882812
79	P026_SEB	22.2299995422363	19.9109992980957	21.3770008087158	23.1560001373291	21.7679996490479	21.6830005645752	21.5330009460449	18.9669990539551	25.7450008392334	26.7269992828369	15.1899995803833	20.5709991455078	23.7240009307861	23.3910007476807
80	P026_SEB.1	22.8460006713867	19.9099998474121	21.318000793457	23.0769996643066	21.5960006713867	21.6849994659424	21.3770008087158	18.7150001525879	25.9720001220703	26.6889991760254	15.1949996948242	NA	23.3209991455078	23.3430004119873
81	P026_SEB.2	22.2310009002686	19.9699993133545	21.3719997406006	23.0270004272461	21.5979995727539	21.6310005187988	21.511999130249	18.7310009002686	25.7800006866455	26.576000213623	15.2209997177124	20.5380001068115	23.7959995269775	23.3549995422363
82	P027_72h	26.2169990539551	28.2259998321533	25.443000793457	28.6030006408691	24.4409999847412	25.6439990997314	NA	NA	NA	NA	30.1790008544922	24.0690002441406	21.7000007629395	26.128999710083
83	P027_72h.1	26.3199996948242	28.2700004577637	25.8889999389648	28.6189994812012	24.6620006561279	25.5170001983643	32.8349990844727	38.7299995422363	NA	32.5810012817383	29.6100006103516	23.9890003204346	21.8910007476807	26.0620002746582
84	P027_72h.2	26.1140003204346	28.1480007171631	26.0820007324219	28.8959999084473	24.4370002746582	25.4799995422363	33.3709983825684	NA	NA	33.5849990844727	29.6410007476807	23.9969997406006	21.9069995880127	25.9370002746582
85	P027_PMA	21.2970008850098	22.3409996032715	23.0149993896484	25.8719997406006	24.0480003356934	25.4060001373291	21.4780006408691	23.8929996490479	25.5340003967285	24.503999710083	16.8899993896484	22.8330001831055	27.9860000610352	24.4360008239746
86	P027_PMA.1	21.3159999847412	22.3369998931885	23.2360000610352	25.8439998626709	23.6730003356934	25.3269996643066	21.6340007781982	NA	NA	24.5030002593994	16.4440002441406	22.82200050354	27.8659992218018	24.4860000610352
87	P027_PMA.2	21.306999206543	22.3600006103516	23.0930004119873	25.7399997711182	23.6989994049072	25.5520000457764	21.5779991149902	23.6949996948242	26.1989994049072	24.4850006103516	16.2169990539551	22.8770008087158	28.4759998321533	24.4139995574951
88	P027_SEB	21.3330001831055	19.681999206543	22.0440006256104	22.4969997406006	23.1229991912842	22.2609996795654	22.3050003051758	NA	27.4069995880127	25.3449993133545	18.2080001831055	21.0990009307861	23.4899997711182	23.878999710083
89	P027_SEB.1	21.3810005187988	19.6609992980957	22.0009994506836	22.6240005493164	23.2290000915527	22.8139991760254	22.4850006103516	20.8740005493164	27.9179992675781	25.3250007629395	NA	20.9309997558594	23.4829998016357	23.7900009155273
90	P027_SEB.2	21.4060001373291	19.7910003662109	22.2399997711182	22.7329998016357	22.9979991912842	22.2970008850098	22.2560005187988	20.4659996032715	27.8929996490479	25.451000213623	17.7150001525879	21.0200004577637	23.2959995269775	23.798999786377
91	P028_72h	26.0100002288818	27.8110008239746	24.8659992218018	28.4689998626709	25.253999710083	29.1280002593994	35.7830009460449	NA	NA	NA	29.6359996795654	24.681999206543	25.1900005340576	25.7600002288818
92	P028_72h.1	26.1359996795654	27.9589996337891	24.9619998931885	28.3880004882812	25.2259998321533	28.625	36.8390007019043	35.5190010070801	NA	36.4640007019043	29.7479991912842	24.8700008392334	25.3050003051758	25.5809993743896
93	P028_72h.2	25.871000289917	27.8209991455078	24.7999992370605	28.7099990844727	24.9529991149902	29.3159999847412	35.3160018920898	NA	NA	NA	NA	24.7409992218018	25.3449993133545	25.6189994812012
94	P028_PMA	22.0349998474121	21.8080005645752	23.4139995574951	25.9309997558594	24.9869995117188	25.9810009002686	19.7390003204346	21.6490001678467	25.9650001525879	25.5939998626709	14.8380002975464	24.2719993591309	30	24.0370006561279
95	P028_PMA.1	22.0629997253418	21.8549995422363	23.4669990539551	26.0970001220703	24.9549999237061	25.7709999084473	19.798999786377	21.6009998321533	26.2630004882812	25.5209999084473	14.6140003204346	24.3759994506836	30.2450008392334	24.3939990997314
96	P028_PMA.2	22.0230007171631	21.8560009002686	23.4449996948242	26.1669998168945	25.0499992370605	25.9930000305176	19.8269996643066	21.3899993896484	26.2530002593994	25.6669998168945	14.9490003585815	24.3780002593994	30.1529998779297	24.2310009002686
97	P028_SEB	21.2980003356934	19.628999710083	21.5100002288818	21.9389991760254	22.2520008087158	22.2390003204346	20.5179996490479	18.443000793457	26.2679996490479	25.9969997406006	15.0869998931885	20.8099994659424	23.3899993896484	22.5200004577637
98	P028_SEB.1	21.2770004272461	19.625	21.4750003814697	21.9860000610352	22.5659999847412	22.1529998779297	20.6609992980957	18.5809993743896	25.9169998168945	25.6900005340576	15.6120004653931	20.8500003814697	23.6849994659424	22.5440006256104
99	P028_SEB.2	21.4009990692139	19.6560001373291	21.4799995422363	22.0809993743896	22.4230003356934	22.2830009460449	20.7099990844727	18.3490009307861	25.757999420166	25.8439998626709	15.2650003433228	20.8610000610352	23.5900001525879	22.4860000610352
100	P029_72h	25.0669994354248	28.8759994506836	24.318000793457	29.2189998626709	26.6149997711182	25.9479999542236	31.3390007019043	NA	NA	36.4700012207031	28.0009994506836	24.7770004272461	23.2169990539551	26.1630001068115
101	P029_72h.1	25.0470008850098	28.5699996948242	24.3110008239746	29.3969993591309	NA	25.742000579834	NA	NA	NA	NA	NA	24.6660003662109	23.0990009307861	26.1790008544922
102	P029_72h.2	25.3689994812012	28.6070003509521	24.5860004425049	NA	26.7119998931885	25.7000007629395	NA	NA	NA	37.1969985961914	31.5869998931885	24.757999420166	23.2819995880127	26.2800006866455
103	P029_PMA	23.2479991912842	23.9950008392334	24.6350002288818	26.8099994659424	26.7040004730225	26.7329998016357	22.363000869751	26.007999420166	27.2399997711182	26.8090000152588	18.3570003509521	25.7569999694824	30.5869998931885	25.7830009460449
104	P029_PMA.1	23.5130004882812	23.9029998779297	24.6439990997314	26.7970008850098	27.0900001525879	26.2970008850098	22.4009990692139	26.0820007324219	27.6709995269775	27.0219993591309	18.4069995880127	25.7430000305176	31.375	26.318000793457
105	P029_PMA.2	23.3409996032715	23.8680000305176	24.6229991912842	26.8430004119873	26.4360008239746	26.628999710083	22.2889995574951	26.1340007781982	27.4939994812012	26.8859996795654	18.4720001220703	25.6180000305176	31.1439990997314	25.8209991455078
106	P029_SEB	22.3190002441406	20.7210006713867	21.3199996948242	22.882999420166	22.5790004730225	23.9220008850098	24.1480007171631	21.9899997711182	28.4120006561279	26.3379993438721	17.0690002441406	21.6690006256104	24.193000793457	23.2639999389648
107	P029_SEB.1	22.30299949646	20.6569995880127	21.3509998321533	22.8250007629395	22.5639991760254	23.9029998779297	24.2789993286133	21.9389991760254	28.6240005493164	26.25	17.113000869751	21.5879993438721	24.2049999237061	23.238000869751
108	P029_SEB.2	22.242000579834	20.6499996185303	21.3299999237061	22.8689994812012	NA	23.8519992828369	24.1690006256104	21.8159999847412	28.492000579834	26.4120006561279	NA	21.6009998321533	24.3659992218018	23.3020000457764
109	P030_72h	24.3470001220703	27.0109996795654	22.9419994354248	27.6180000305176	24.4389991760254	25.2779998779297	NA	35.7859992980957	NA	33.4799995422363	30.1749992370605	23.5	22.4750003814697	25.1889991760254
110	P030_72h.1	24.4169998168945	27.2630004882812	22.9820003509521	27.5259990692139	24.6790008544922	25.5	32.9490013122559	NA	NA	35.435001373291	NA	23.5410003662109	22.3600006103516	25.1420001983643
111	P030_72h.2	24.5690002441406	27.4099998474121	23.0330009460449	27.5219993591309	24.3279991149902	25.4360008239746	33.1769981384277	36.9869995117188	NA	32.9869995117188	29.7830009460449	23.4680004119873	22.451000213623	25.253999710083
112	P030_PMA	21.548999786377	22.1439990997314	22.5400009155273	25.7569999694824	24.5580005645752	25.068000793457	21.3850002288818	NA	NA	24.7250003814697	16.9689998626709	23.6849994659424	29.7199993133545	24.4519996643066
113	P030_PMA.1	21.6669998168945	22.121000289917	22.5599994659424	25.7490005493164	25.8950004577637	25.0919990539551	21.5440006256104	25.7199993133545	32.4459991455078	24.7329998016357	19.3439998626709	23.9810009002686	30.1229991912842	24.4270000457764
114	P030_PMA.2	21.6959991455078	22.2859992980957	NA	25.7439994812012	NA	25.1259994506836	21.1620006561279	24.42799949646	25.8700008392334	24.7800006866455	NA	23.6760005950928	29.757999420166	24.6529998779297
115	P030_SEB	20.8920001983643	19.8719997406006	21.1000003814697	22.2749996185303	21.8339996337891	22.382999420166	23.4699993133545	NA	25.4869995117188	24.6840000152588	NA	20.5349998474121	23.576000213623	22.3490009307861
116	P030_SEB.1	20.9300003051758	19.8640003204346	21.0890007019043	22.2569999694824	21.9769992828369	22.5410003662109	23.4820003509521	21.07200050354	25.443000793457	24.8470001220703	15.9610004425049	20.5249996185303	23.5060005187988	22.367000579834
117	P030_SEB.2	20.8700008392334	19.8600006103516	21.1760005950928	22.3290004730225	21.75	22.488000869751	23.367000579834	20.7199993133545	25.1539993286133	24.5729999542236	16.0979995727539	20.4699993133545	23.4060001373291	22.2940006256104
118	P031_72h	24.2430000305176	27.6539993286133	22.0459995269775	27.6650009155273	23.8570003509521	25.0330009460449	NA	36.0769996643066	NA	NA	29.8090000152588	23.492000579834	21.3570003509521	24.8290004730225
119	P031_72h.1	24.3419990539551	27.8139991760254	21.9839992523193	27.757999420166	23.6389999389648	24.9969997406006	38.4930000305176	NA	NA	32.9630012512207	29.375	23.4379997253418	21.4969997406006	24.8600006103516
120	P031_72h.2	24.4169998168945	27.6499996185303	22.0060005187988	27.6749992370605	23.8460006713867	24.9820003509521	NA	NA	NA	NA	29.2689990997314	23.3279991149902	21.4209995269775	24.7840003967285
121	P031_PMA	22.5590000152588	22.9020004272461	22.2369995117188	25.7950000762939	25.8819999694824	26.6189994812012	20.9799995422363	24.757999420166	26.2900009155273	27.7509994506836	17.4389991760254	24.8020000457764	29.5419998168945	24.6720008850098
122	P031_PMA.1	22.4179992675781	22.923999786377	22.5	25.8640003204346	25.9080009460449	26.9740009307861	20.9990005493164	24.007999420166	26.2029991149902	27.3770008087158	17.5049991607666	24.8050003051758	30.1840000152588	24.7339992523193
123	P031_PMA.2	22.4389991760254	22.9729995727539	22.2649993896484	25.9440002441406	25.7770004272461	27.0919990539551	21.261999130249	24.2859992980957	25.9340000152588	27.4249992370605	17.5960006713867	24.8899993896484	29.673999786377	24.7409992218018
124	P031_SEB	21.2409992218018	19.4850006103516	19.4589996337891	21.9860000610352	21.7959995269775	23.2479991912842	21.0429992675781	18.6089992523193	23.92799949646	26.1119995117188	14.9969997406006	20.3050003051758	23.0939998626709	21.9050006866455
125	P031_SEB.1	21.2569999694824	19.3999996185303	19.4909992218018	22.136999130249	21.8509998321533	23.068000793457	20.9869995117188	18.6529998779297	23.9300003051758	26.2999992370605	15.0799999237061	20.25	23.1450004577637	22.068000793457
126	P031_SEB.2	21.1529998779297	19.5510005950928	19.5669994354248	22.2259998321533	21.7810001373291	23.3290004730225	20.9950008392334	18.4340000152588	23.7479991912842	26.076000213623	14.9289999008179	20.5310001373291	23.2269992828369	21.9799995422363
127	P032_72h	24.7880001068115	27.875	24.2490005493164	26.6079998016357	24.8369998931885	27.5	35.6889991760254	34.9210014343262	NA	NA	31.5349998474121	23.923999786377	23.0590000152588	25.3640003204346
128	P032_72h.1	25.2399997711182	27.4820003509521	24.17799949646	26.6790008544922	NA	27.4389991760254	NA	NA	17.9839992523193	NA	NA	23.9069995880127	22.5410003662109	25.5349998474121
129	P032_72h.2	25.4419994354248	28.0699996948242	24.2999992370605	26.7660007476807	24.6809997558594	27.5540008544922	34.0550003051758	NA	NA	NA	26.0359992980957	23.8819999694824	23.1529998779297	25.4349994659424
130	P032_PMA	22.7999992370605	23.8020000457764	24.9389991760254	27.5410003662109	NA	27.2089996337891	22.2660007476807	24.8649997711182	25.4360008239746	25.6480007171631	17.3080005645752	25.1380004882812	30.3449993133545	25.3990001678467
131	P032_PMA.1	22.6340007781982	23.8640003204346	24.8290004730225	27.2689990997314	25.8379993438721	27.2259998321533	22.1599998474121	24.7339992523193	25.3369998931885	25.9389991760254	16.8059997558594	24.9179992675781	30.4220008850098	25.3409996032715
132	P032_PMA.2	22.6340007781982	23.8969993591309	25.1089992523193	27.3279991149902	25.8619995117188	27.3600006103516	22.1229991912842	25.371000289917	25.4680004119873	25.8840007781982	NA	24.886999130249	30.7549991607666	25.2159996032715
133	P032_SEB	22	21.0189990997314	21.6319999694824	23.0429992675781	22.7789993286133	21.8439998626709	21.7959995269775	20.0459995269775	25.5960006713867	24.7639999389648	17.4190006256104	21.3199996948242	23.9099998474121	23.5520000457764
134	P032_SEB.1	21.9899997711182	20.8279991149902	21.6159992218018	22.9190006256104	22.80299949646	21.992000579834	22.0370006561279	NA	25.9109992980957	25.0189990997314	NA	21.9839992523193	23.75	23.5069999694824
135	P032_SEB.2	22.0209999084473	20.9659996032715	21.7049999237061	22.69700050354	NA	21.92799949646	21.7999992370605	20.0349998474121	25.3980007171631	25.1060009002686	18.6280002593994	21.2929992675781	23.9669990539551	23.6219997406006
136	P033_72h	25.2490005493164	26.2819995880127	21.5179996490479	27.4230003356934	24.1100006103516	24.9379997253418	31.7980003356934	35.1450004577637	NA	32.1399993896484	28.7169990539551	22.3020000457764	22.5139999389648	23.1550006866455
137	P033_72h.1	25.1459999084473	26.2929992675781	21.5900001525879	27.4529991149902	NA	24.9950008392334	31.3279991149902	34.5359992980957	NA	NA	28.5270004272461	22.3840007781982	22.5750007629395	23.2950000762939
138	P033_72h.2	25.4769992828369	26.3449993133545	21.6539993286133	27.6509990692139	24.0240001678467	24.9080009460449	31.2900009155273	NA	NA	NA	28.8379993438721	22.3759994506836	22.5699996948242	23.1870002746582
139	P033_PMA	19.8589992523193	19.9309997558594	21.1060009002686	24.9120006561279	24.5160007476807	23.5300006866455	NA	NA	24.867000579834	24.798999786377	NA	22.5259990692139	28.5170001983643	22.3199996948242
140	P033_PMA.1	19.8889999389648	19.806999206543	21.1480007171631	24.8659992218018	24.9479999542236	23.5289993286133	20.931999206543	25.3279991149902	24.8700008392334	24.8570003509521	15.1339998245239	22.6240005493164	28.9150009155273	22.261999130249
141	P033_PMA.2	19.8799991607666	19.9459991455078	21.2059993743896	25.0610008239746	24.2819995880127	23.5879993438721	20.507999420166	24.9419994354248	24.9209995269775	24.7229995727539	15.2410001754761	22.5289993286133	28.4109992980957	22.3129997253418
142	P033_SEB	20.5470008850098	17.7369995117188	19.9710006713867	20.9640007019043	NA	21.878999710083	19.5990009307861	19.5480003356934	25.5139999389648	26.0690002441406	14.6780004501343	18.8090000152588	22.2089996337891	20.9220008850098
143	P033_SEB.1	20.6319999694824	17.7870006561279	19.9890003204346	20.9529991149902	21.0349998474121	21.9050006866455	19.6690006256104	19.7549991607666	25.6380004882812	25.8939990997314	14.5590000152588	18.8530006408691	22.0979995727539	21.128999710083
144	P033_SEB.2	20.5669994354248	17.8269996643066	20.0090007781982	20.9549999237061	21.7059993743896	21.9930000305176	19.7479991912842	19.4050006866455	25.5310001373291	25.7649993896484	14.6809997558594	18.8929996490479	22.1280002593994	21.0170001983643
145	P034_72h	25.5109996795654	26.9300003051758	22.6149997711182	27.9489994049072	23.8549995422363	25.4260005950928	33.6339988708496	34.9690017700195	33.8559989929199	33.5139999389648	NA	22.94700050354	22.0709991455078	24.8680000305176
146	P034_72h.1	25.2999992370605	26.9419994354248	22.7220001220703	27.9459991455078	23.9759998321533	25.4120006561279	31.4160003662109	36.1030006408691	33.0499992370605	NA	28.9349994659424	22.9309997558594	22.1070003509521	24.8050003051758
147	P034_72h.2	25.1800003051758	27.0939998626709	22.6830005645752	27.8600006103516	23.8969993591309	25.2399997711182	32.9659996032715	35.2519989013672	33.5190010070801	36.9710006713867	28.5139999389648	23.0389995574951	22.1529998779297	24.9090003967285
148	P034_PMA	22.1219997406006	21.9829998016357	22.6229991912842	27.0510005950928	25.0349998474121	24.931999206543	22.9300003051758	25.1140003204346	26.7119998931885	26.886999130249	16.673999786377	23.5709991455078	28.7320003509521	23.9340000152588
149	P034_PMA.1	22.0869998931885	21.9820003509521	22.5890007019043	27.0410003662109	25.1450004577637	24.8759994506836	22.7240009307861	25.0769996643066	26.8120002746582	26.9720001220703	16.4489994049072	23.757999420166	28.9979991912842	23.9459991455078
150	P034_PMA.2	22.1439990997314	22.0400009155273	22.6299991607666	27.1480007171631	24.7070007324219	24.8129997253418	22.6049995422363	25.011999130249	26.9720001220703	26.9039993286133	16.4629993438721	23.7150001525879	28.2250003814697	23.8840007781982
151	P034_SEB	NA	18.5709991455078	20.3889999389648	22.0149993896484	22.0310001373291	21.5160007476807	19.6100006103516	18.2630004882812	25.5300006866455	26.8549995422363	15.9969997406006	19.9090003967285	22.7430000305176	22.3290004730225
152	P034_SEB.1	21.0370006561279	18.5410003662109	20.5790004730225	NA	22.0160007476807	21.5170001983643	19.6060009002686	18.1270008087158	25.423999786377	26.5650005340576	16.1009998321533	19.9370002746582	22.4860000610352	22.3439998626709
153	P034_SEB.2	21.0279998779297	18.613000869751	20.7310009002686	22.0659999847412	21.9309997558594	21.4810009002686	19.6149997711182	18.1949996948242	25.3719997406006	26.6140003204346	16.1599998474121	19.7950000762939	22.5170001983643	22.3799991607666
154	P035_72h	26.9220008850098	28.1709995269775	24.5270004272461	28.2439994812012	26.8250007629395	26.7280006408691	NA	NA	33.3479995727539	NA	30.6949996948242	24.0620002746582	24.0440006256104	26.7059993743896
155	P035_72h.1	26.9850006103516	28.3530006408691	24.7350006103516	28.7870006561279	27.1459999084473	26.6690006256104	33.0849990844727	NA	NA	35.2760009765625	30.8309993743896	23.6180000305176	23.9479999542236	26.5779991149902
156	P035_72h.2	27.2940006256104	28.3400001525879	24.7709999084473	28.7059993743896	26.3689994812012	26.6639995574951	NA	NA	NA	33.326000213623	30.7479991912842	23.8700008392334	23.9489994049072	26.443000793457
157	P035_PMA	23.7649993896484	23.867000579834	25.3010005950928	27.8999996185303	NA	27.67799949646	22.9820003509521	26.8850002288818	26.9020004272461	27.1770000457764	NA	24.8770008087158	29.7439994812012	26
158	P035_PMA.1	23.931999206543	23.6520004272461	25.4120006561279	27.6380004882812	28.3990001678467	28.076000213623	22.7830009460449	27.4990005493164	27.5909996032715	26.5669994354248	20.5779991149902	24.5540008544922	28.7880001068115	25.9500007629395
159	P035_PMA.2	23.7950000762939	23.8290004730225	25.4290008544922	27.67799949646	29.7929992675781	28.1149997711182	NA	NA	26.9969997406006	26.4669990539551	27.7199993133545	24.6800003051758	NA	25.8010005950928
160	P035_SEB	21.261999130249	19.5620002746582	21.6100006103516	22.5769996643066	28.8659992218018	22.7789993286133	21.6770000457764	NA	25.681999206543	25.4009990692139	19.6949996948242	21.2819995880127	23.6410007476807	23.1340007781982
161	P035_SEB.1	20.9230003356934	20.0259990692139	21.5330009460449	22.5109996795654	NA	22.2840003967285	22.0839996337891	20.2029991149902	26.0450000762939	25.5540008544922	NA	21.5440006256104	23.2019996643066	22.6200008392334
162	P035_SEB.2	21.5510005950928	19.5750007629395	21.6159992218018	22.3339996337891	26.113000869751	22.7070007324219	21.6200008392334	19.8959999084473	25.8169994354248	25.2450008392334	18.7609996795654	20.9349994659424	23.5540008544922	23.0200004577637
163	P1_72h	26.1060009002686	26.4370002746582	24.2180004119873	26.7999992370605	23.4829998016357	23.0340003967285	NA	NA	NA	NA	31.2119998931885	22.5699996948242	21.8509998321533	25.1009998321533
164	P1_72h.1	26.2900009155273	26.3040008544922	24.2970008850098	26.5690002441406	23.3600006103516	23.011999130249	38.0250015258789	38.9259986877441	NA	NA	31.3190002441406	22.4610004425049	21.951000213623	25.1749992370605
165	P1_72h.2	26.7210006713867	26.3279991149902	24.2019996643066	26.5240001678467	23.2600002288818	23.2609996795654	NA	NA	NA	NA	31.5769996643066	22.6079998016357	22.0470008850098	25.0890007019043
166	P1_PMA	22.5669994354248	21.9109992980957	25.5160007476807	25.2889995574951	26.7189998626709	26.1639995574951	18.8990001678467	22.2119998931885	23.6420001983643	28.7029991149902	17.3729991912842	24.5160007476807	30.2250003814697	25.048999786377
167	P1_PMA.1	22.5049991607666	21.8659992218018	25.4529991149902	25.2910003662109	26.625	26.1989994049072	18.7700004577637	22.1919994354248	23.625	28.2569999694824	17.3850002288818	24.7189998626709	30.4080009460449	25.1219997406006
168	P1_PMA.2	22.4689998626709	21.8229999542236	25.3719997406006	25.3379993438721	26.2439994812012	26.3649997711182	18.9619998931885	22.2080001831055	23.548999786377	28.5	17.1849994659424	24.9209995269775	30.5270004272461	25.1070003509521
169	P1_SEB	22.4540004730225	18.6870002746582	23.9540004730225	20.8969993591309	23.1870002746582	25.4449996948242	20.5470008850098	18.5709991455078	25.125	29.2000007629395	16.5459995269775	20.8759994506836	23.0739994049072	22.9360008239746
170	P1_SEB.1	22.3980007171631	18.6940002441406	23.9260005950928	21.0550003051758	23.136999130249	25.496000289917	20.6200008392334	18.4939994812012	25.0400009155273	29.5230007171631	16.5970001220703	20.9160003662109	22.8939990997314	22.8999996185303
171	P1_SEB.2	22.3850002288818	18.5830001831055	23.9839992523193	20.8759994506836	23.0100002288818	25.4220008850098	20.6270008087158	18.4150009155273	25.132999420166	29.2980003356934	16.4860000610352	20.9300003051758	23.0860004425049	22.8600006103516
172	P10_72h	27.0550003051758	27.496000289917	23.7269992828369	27.9950008392334	25.1770000457764	26.0230007171631	NA	NA	NA	NA	28.9270000457764	23.6049995422363	23.2099990844727	25.4599990844727
173	P10_72h.1	27.2099990844727	27.4610004425049	23.6200008392334	28.3519992828369	25.2159996032715	26.1499996185303	NA	NA	NA	NA	28.4710006713867	23.6499996185303	23.2140007019043	25.4349994659424
174	P10_72h.2	27.1830005645752	27.4060001373291	23.6159992218018	28.3540000915527	25.0259990692139	26.0389995574951	NA	NA	NA	NA	28.1140003204346	23.632999420166	23.2740001678467	25.5459995269775
175	P10_PMA	24.3010005950928	23.8449993133545	26.1240005493164	27.5669994354248	26.886999130249	29.5020008087158	25.2929992675781	NA	30.3150005340576	27.1599998474121	19.2240009307861	25.3150005340576	30.5599994659424	25.9489994049072
176	P10_PMA.1	24.3250007629395	23.7180004119873	25.8430004119873	27.7189998626709	NA	29.4029998779297	25.1299991607666	30.7029991149902	30.5450000762939	27.0189990997314	19.367000579834	25.4619998931885	29.7830009460449	26.3050003051758
177	P10_PMA.2	24.3050003051758	23.8250007629395	26.136999130249	27.9209995269775	29.0410003662109	29.7369995117188	25.4060001373291	30.6410007476807	NA	26.693000793457	19.1459999084473	25.2029991149902	30.4680004119873	26.3549995422363
178	P10_SEB	21.7560005187988	19.5550003051758	21.0990009307861	22.1569995880127	29.4050006866455	23.2649993896484	21.19700050354	20.5629997253418	28.3120002746582	25.9440002441406	17.7970008850098	21.2819995880127	23.32200050354	23.5279998779297
179	P10_SEB.1	21.8199996948242	19.511999130249	21.0620002746582	22.2649993896484	NA	23.2310009002686	21.2049999237061	20.3540000915527	NA	25.9130001068115	17.4449996948242	21.2129993438721	23.3120002746582	23.7950000762939
180	P10_SEB.2	21.8549995422363	19.4340000152588	21.1030006408691	22.363000869751	27.1310005187988	23.306999206543	21.2290000915527	NA	28.5410003662109	26.0650005340576	17.5370006561279	21.261999130249	23.3929996490479	23.8400001525879
181	P11_72h	26.1089992523193	26.6909999847412	24.0610008239746	27.3719997406006	25.1809997558594	26.0009994506836	NA	35.939998626709	NA	33.5480003356934	31.3659992218018	23.378999710083	23.5139999389648	25.5890007019043
182	P11_72h.1	25.9820003509521	26.7830009460449	24.0939998626709	27.4409999847412	25.1079998016357	26.0520000457764	39.6520004272461	35.3629989624023	NA	NA	NA	23.4330005645752	23.3050003051758	26.0629997253418
183	P11_72h.2	26.0340003967285	27.2679996490479	24.1580009460449	27.6560001373291	25.0750007629395	26.1609992980957	NA	35.4049987792969	NA	NA	31.3540000915527	23.3719997406006	23.4780006408691	25.4559993743896
184	P11_PMA	24.4270000457764	23.5359992980957	25.7770004272461	NA	26.1219997406006	27.6840000152588	24.5699996948242	28.2169990539551	27.0559997558594	26.3250007629395	19.3120002746582	25.2029991149902	29.7089996337891	25.9759998321533
185	P11_PMA.1	24.5450000762939	23.4629993438721	25.80299949646	28.3740005493164	26.9190006256104	27.7169990539551	24.6499996185303	28.4009990692139	27.3729991912842	26.3840007781982	19.0879993438721	25.048999786377	29.871000289917	26.2320003509521
186	P11_PMA.2	24.5009994506836	23.4379997253418	25.7019996643066	28.5739994049072	26.4699993133545	27.7800006866455	24.6030006408691	28.1429996490479	27.2509994506836	26.1809997558594	19.2210006713867	25.0690002441406	29.806999206543	26.1800003051758
187	P11_SEB	20.8810005187988	18.5900001525879	21.378999710083	21.5370006561279	22.673999786377	23.5669994354248	22.8390007019043	21.6749992370605	28.0359992980957	24.7299995422363	18.3770008087158	20.4179992675781	22.7290000915527	23.4209995269775
188	P11_SEB.1	20.8540000915527	18.3500003814697	21.3610000610352	21.5690002441406	NA	23.5100002288818	22.826000213623	21.9529991149902	28.3250007629395	24.6529998779297	18.3239994049072	20.431999206543	22.7649993896484	23.443000793457
189	P11_SEB.2	20.9300003051758	18.386999130249	21.4370002746582	21.6560001373291	23.201000213623	23.6469993591309	22.943000793457	21.5139999389648	28.201000213623	24.8209991455078	18.3719997406006	20.4090003967285	22.7649993896484	23.4309997558594
190	P12_72h	25.1259994506836	27.3479995727539	23.4769992828369	27.3080005645752	25.8269996643066	26.0160007476807	NA	36.3779983520508	NA	NA	29.0869998931885	22.6660003662109	23.3519992828369	25.2000007629395
191	P12_72h.1	25.0659999847412	27.128999710083	23.5510005950928	27.6860008239746	31.2129993438721	26.0270004272461	34.3720016479492	NA	39.2439994812012	NA	28.9519996643066	22.4300003051758	23.4039993286133	25.6940002441406
192	P12_72h.2	24.988000869751	27.4020004272461	23.8080005645752	27.3199996948242	NA	26.1219997406006	34.8839988708496	36.193000793457	37.1660003662109	NA	28.8509998321533	NA	23.5069999694824	25.1450004577637
193	P12_PMA	21.5340003967285	20.8020000457764	21.5510005950928	24.1410007476807	25.5270004272461	25.1690006256104	19.0319995880127	22.4820003509521	25.9850006103516	27.806999206543	16.1310005187988	23.2600002288818	29.0090007781982	24.1380004882812
194	P12_PMA.1	21.5109996795654	20.7590007781982	21.4540004730225	24.1599998474121	25.4599990844727	25.0900001525879	19.0520000457764	22.1760005950928	25.8640003204346	27.9150009155273	16.0739994049072	23.1410007476807	28.8320007324219	24.1110000610352
195	P12_PMA.2	21.55299949646	20.746000289917	21.5170001983643	24.0949993133545	25.6319999694824	25.2259998321533	19.136999130249	22.2320003509521	25.9009990692139	27.8500003814697	16.173999786377	23.2390003204346	28.7740001678467	24.1499996185303
196	P12_SEB	24.3390007019043	21.7339992523193	22.3470001220703	22.9349994659424	24.9489994049072	25.3400001525879	24.7199993133545	21.9750003814697	27.048999786377	28.0359992980957	20.3250007629395	22.2759990692139	26.1429996490479	24.0990009307861
197	P12_SEB.1	24.4090003967285	21.7569999694824	22.3920001983643	22.8770008087158	24.5200004577637	25.3500003814697	25.1240005493164	NA	27.1639995574951	27.8120002746582	20.5510005950928	22.382999420166	26.0839996337891	24.2159996032715
198	P12_SEB.2	24.3659992218018	21.7469997406006	22.3990001678467	22.8540000915527	24.6709995269775	25.4909992218018	24.7350006103516	21.6030006408691	27.3680000305176	27.9130001068115	20.5289993286133	22.2999992370605	26.3889999389648	24.2320003509521
199	P13_72h	24.5979995727539	27.3099994659424	24.1900005340576	26.9330005645752	24.2740001678467	28.1030006408691	39.7849998474121	35.9109992980957	NA	NA	NA	23.056999206543	23.246000289917	25.9750003814697
200	P13_72h.1	24.9260005950928	27.0550003051758	24.2660007476807	27.1709995269775	25.0069999694824	27.9050006866455	38.8610000610352	NA	33.5099983215332	NA	28.8040008544922	22.9270000457764	23.1639995574951	25.9459991455078
201	P13_72h.2	24.5620002746582	26.9150009155273	24.2569999694824	27.3339996337891	24.3819999694824	27.8850002288818	NA	35.9269981384277	33.5719985961914	35.3979988098145	29.0209999084473	23.0919990539551	23.2830009460449	25.8929996490479
202	P13_PMA	22.2339992523193	22.9190006256104	23.6089992523193	26.8229999542236	25.1380004882812	26.9899997711182	21.5049991607666	24.4780006408691	24.4570007324219	26.2490005493164	15.8409996032715	22.7320003509521	29.4349994659424	25.3850002288818
203	P13_PMA.1	22.3430004119873	22.5979995727539	23.5359992980957	26.621000289917	25.1870002746582	27.0160007476807	21.7929992675781	NA	24.4810009002686	26.1609992980957	15.8290004730225	23.136999130249	29.7479991912842	25.2530002593994
204	P13_PMA.2	22.4039993286133	22.5319995880127	23.6079998016357	26.7199993133545	NA	26.7450008392334	21.5970001220703	24.6770000457764	NA	26.1620006561279	15.6120004653931	22.8719997406006	30.1809997558594	25.5
205	P13_SEB	20.9790000915527	18.378999710083	20.8530006408691	21.7339992523193	21.9489994049072	21.1359996795654	20.2940006256104	NA	23.492000579834	25.6760005950928	14.701000213623	19.2240009307861	22.4890003204346	22.9689998626709
206	P13_SEB.1	20.9669990539551	18.431999206543	20.8500003814697	21.82200050354	21.7800006866455	21.1490001678467	20.3110008239746	18.6359996795654	23.5139999389648	25.7180004119873	14.6709995269775	19.201000213623	22.6590003967285	22.7339992523193
207	P13_SEB.2	21.0030002593994	18.4249992370605	20.8570003509521	21.8239994049072	21.6229991912842	21.2299995422363	20.3640003204346	18.2849998474121	23.5149993896484	25.7299995422363	14.8339996337891	19.2649993896484	22.6009998321533	22.7880001068115
208	P14_72h	27.1650009155273	27.7189998626709	24.1840000152588	28.3040008544922	24.8899993896484	26.1770000457764	NA	36.3349990844727	NA	NA	28.5900001525879	23.1790008544922	23.3309993743896	26.1119995117188
209	P14_72h.1	26.9260005950928	27.878999710083	24.2509994506836	28.1040000915527	24.7159996032715	25.7929992675781	36.992000579834	NA	NA	NA	28.3269996643066	23.0690002441406	23.5020008087158	26.0970001220703
210	P14_72h.2	27.0510005950928	27.746000289917	24.3390007019043	28.3379993438721	24.9619998931885	26.0009994506836	39.0629997253418	35.2869987487793	NA	NA	28.7110004425049	23.1480007171631	23.6940002441406	26.0750007629395
211	P14_PMA	27.242000579834	26.5540008544922	28.0130004882812	30.4139995574951	29.8560009002686	30.4899997711182	30.1940002441406	32.2039985656738	32.3120002746582	30.6389999389648	21.3299999237061	27.1009998321533	NA	29.1049995422363
212	P14_PMA.1	27.1380004882812	26.4710006713867	27.826000213623	29.8250007629395	30.1509990692139	NA	30.1700000762939	32.507999420166	NA	30.9260005950928	21.3549995422363	27.32200050354	31.6110000610352	NA
213	P14_PMA.2	27.3409996032715	26.5189990997314	28.3139991760254	NA	29.6159992218018	31.1480007171631	30.4120006561279	32.382999420166	33.351001739502	31.4379997253418	21.4190006256104	27.0949993133545	31.19700050354	28.9619998931885
214	P14_SEB	23.2770004272461	19.3929996490479	22.0130004882812	22.5820007324219	23.5470008850098	23.6509990692139	21.4930000305176	20.4069995880127	26.5209999084473	26.8850002288818	16.3330001831055	21.1459999084473	24.7929992675781	24.2110004425049
215	P14_SEB.1	23.2520008087158	19.4270000457764	22.0279998779297	22.5359992980957	23.3460006713867	23.6650009155273	21.4780006408691	19.9260005950928	26.3899993896484	26.7959995269775	16.4060001373291	21.1149997711182	24.738000869751	NA
216	P14_SEB.2	23.2269992828369	19.3770008087158	21.9349994659424	22.6049995422363	23.2900009155273	23.5970001220703	21.3990001678467	20.2959995269775	26.0330009460449	27.0830001831055	16.3579998016357	21.1219997406006	24.6949996948242	24.2220001220703
217	P15_72h	26.3859996795654	26.6979999542236	25.2719993591309	27.9249992370605	NA	26.3500003814697	NA	NA	NA	18.2859992980957	29.8880004882812	23.4389991760254	23.2000007629395	26.3810005187988
218	P15_72h.1	26.0480003356934	26.9360008239746	24.9090003967285	27.9740009307861	25.0400009155273	26.2919998168945	35.2229995727539	NA	NA	NA	29.8560009002686	NA	23.4909992218018	26.6240005493164
219	P15_72h.2	25.9740009307861	26.8169994354248	24.7439994812012	28.0729999542236	33.2239990234375	26.3549995422363	38.1469993591309	35.4199981689453	NA	NA	30.2310009002686	23.826000213623	NA	26.6700000762939
220	P15_PMA	23.636999130249	23.0869998931885	25.1569995880127	26.4519996643066	NA	27.2259998321533	22.6609992980957	26.6219997406006	29.1399993896484	26.5650005340576	18.0419998168945	24.3390007019043	30.3239994049072	26.4139995574951
221	P15_PMA.1	23.55299949646	23.1240005493164	25.125	26.3090000152588	26.7229995727539	27.0289993286133	22.6550006866455	26.298999786377	28.5389995574951	26.4890003204346	17.2959995269775	24.1359996795654	30.3530006408691	26.382999420166
222	P15_PMA.2	23.5319995880127	22.9979991912842	25.1240005493164	26.4150009155273	26.7590007781982	27.2630004882812	22.6159992218018	26.4130001068115	NA	26.4570007324219	17.4120006561279	24.2770004272461	30.2070007324219	26.3090000152588
223	P15_SEB	21.7970008850098	18.8430004119873	21.8150005340576	20.8309993743896	23.0330009460449	22.6580009460449	20.9580001831055	20.4400005340576	29.2320003509521	26.0919990539551	NA	19.8819999694824	23.3369998931885	22.9379997253418
224	P15_SEB.1	21.8460006713867	18.8579998016357	21.8920001983643	20.8120002746582	33.7150001525879	22.6450004577637	NA	19.2660007476807	NA	25.8600006103516	16.9029998779297	19.8810005187988	23.3239994049072	NA
225	P15_SEB.2	21.9150009155273	18.8640003204346	21.9740009307861	20.8129997253418	NA	22.6639995574951	20.9669990539551	28.1809997558594	29.048999786377	26.1529998779297	17.136999130249	20.496000289917	23.4139995574951	22.7970008850098
226	P16_72h	26.8490009307861	28.2889995574951	24.0139999389648	27.8330001831055	NA	29.0100002288818	33.648998260498	NA	NA	NA	30.5400009155273	23.681999206543	24.92799949646	26.0620002746582
227	P16_72h.1	26.8460006713867	27.9449996948242	24.0699996948242	27.6979999542236	26.3490009307861	28.7299995422363	NA	34.8930015563965	33.4640007019043	NA	30.8840007781982	23.9050006866455	25.136999130249	26.1749992370605
228	P16_72h.2	26.7469997406006	28.1100006103516	24.0540008544922	27.2789993286133	26.5540008544922	28.951000213623	34.5979995727539	NA	39.0530014038086	NA	30.8239994049072	23.8099994659424	25.1879997253418	26.2080001831055
229	P16_PMA	21.7150001525879	21.1499996185303	22.423999786377	25.5900001525879	NA	24.931999206543	20.44700050354	NA	24.5520000457764	26.9540004730225	NA	22.4060001373291	29.4990005493164	23.6079998016357
230	P16_PMA.1	21.7700004577637	21.1800003051758	22.3969993591309	25.451000213623	27.9829998016357	25.0429992675781	20.443000793457	22.6760005950928	24.1219997406006	26.9519996643066	14.2569999694824	22.3250007629395	NA	23.863000869751
231	P16_PMA.2	21.6949996948242	21.1539993286133	22.4090003967285	25.6620006561279	28.0979995727539	25.0069999694824	20.4589996337891	22.1119995117188	23.863000869751	26.9559993743896	14.7170000076294	22.378999710083	29.988000869751	23.80299949646
232	P16_SEB	21.0249996185303	18.9559993743896	20.1800003051758	20.3850002288818	21.7819995880127	21.3700008392334	19.548999786377	NA	23.2630004882812	26.3700008392334	14.4630002975464	19.0750007629395	22.94700050354	21.7040004730225
233	P16_SEB.1	20.9699993133545	18.7980003356934	20.2350006103516	20.7439994812012	21.8479995727539	21.4839992523193	19.5580005645752	18.2310009002686	23.3470001220703	26.5540008544922	14.4359998703003	19.1009998321533	23.0349998474121	21.6679992675781
234	P16_SEB.2	21.121000289917	19.0510005950928	20.0009994506836	20.7940006256104	21.9750003814697	21.5499992370605	19.5979995727539	18.2430000305176	23.0960006713867	26.5270004272461	14.3330001831055	19.1280002593994	23.0990009307861	21.7549991607666
235	P17_72h	26.7999992370605	28.3150005340576	25.4899997711182	29.2299995422363	NA	27.1429996490479	33.9459991455078	35.3839988708496	31.8959999084473	NA	29.431999206543	24.7639999389648	24.8349990844727	27.3549995422363
236	P17_72h.1	26.7439994812012	28.7019996643066	25.246000289917	29.5189990997314	25.9979991912842	26.9419994354248	34.0740013122559	35.3019981384277	NA	NA	NA	24.8939990997314	24.9099998474121	27.4409999847412
237	P17_72h.2	26.7730007171631	28.2229995727539	25.3729991912842	29.4659996032715	26.9979991912842	27.2059993743896	29.1849994659424	35.0950012207031	NA	NA	28.69700050354	24.6410007476807	24.9179992675781	27.6310005187988
238	P17_PMA	23.0799999237061	21.8999996185303	24.7999992370605	25.548999786377	25.5709991455078	26.5380001068115	21.9740009307861	24.0790004730225	26.2019996643066	27.617000579834	16.1660003662109	24.3279991149902	31.1539993286133	25.6389999389648
239	P17_PMA.1	23.0860004425049	21.8729991912842	24.7999992370605	25.613000869751	25.5729999542236	26.42799949646	21.992000579834	24.0699996948242	26.0520000457764	27.9540004730225	16.1509990692139	24.3169994354248	NA	25.6599998474121
240	P17_PMA.2	22.9990005493164	21.8320007324219	24.6760005950928	25.6609992980957	25.4500007629395	26.5450000762939	22.3490009307861	23.9349994659424	26.2360000610352	27.9930000305176	16.0690002441406	24.2779998779297	30.7049999237061	25.6180000305176
241	P17_SEB	23.3379993438721	20.7660007476807	23.6259994506836	22.8939990997314	23.6860008239746	23.7520008087158	22.4489994049072	19.7229995727539	25.3430004119873	27.886999130249	17.6660003662109	21.1259994506836	25.382999420166	24.1079998016357
242	P17_SEB.1	23.3339996337891	20.7649993896484	23.5400009155273	22.8819999694824	23.5610008239746	23.742000579834	22.4549999237061	19.7469997406006	25.378999710083	28.1690006256104	17.7600002288818	21.1550006866455	25.2180004119873	24.132999420166
243	P17_SEB.2	23.3080005645752	20.742000579834	23.5970001220703	22.7590007781982	23.6140003204346	23.7679996490479	22.4689998626709	19.6660003662109	25.125	27.8729991912842	17.6520004272461	21.1630001068115	25.3360004425049	24.1560001373291
244	P2_72h	25.19700050354	26.871000289917	23.0109996795654	26.5049991607666	23.9200000762939	27.2779998779297	39.5719985961914	NA	NA	NA	28.8570003509521	23.2059993743896	23.0650005340576	24.5109996795654
245	P2_72h.1	25.2940006256104	26.7189998626709	23.0060005187988	26.4640007019043	23.8540000915527	27.7229995727539	38.8349990844727	30.1870002746582	37.5690002441406	NA	28.8680000305176	22.9680004119873	23.1319999694824	25.125
246	P2_72h.2	25.2789993286133	26.7779998779297	22.988000869751	26.5069999694824	23.9360008239746	27.8990001678467	34.2840003967285	38.7169990539551	35.4469985961914	38.9860000610352	28.9419994354248	23.0380001068115	23.2140007019043	24.5389995574951
247	P2_PMA	23.1590003967285	22.9400005340576	23.6410007476807	26.3470001220703	25.8680000305176	28.3819999694824	23.6790008544922	25.7269992828369	26.0849990844727	26.363000869751	16.8689994812012	24.4710006713867	29.9699993133545	25.0809993743896
248	P2_PMA.1	23.2000007629395	22.9629993438721	23.5930004119873	26.3840007781982	25.8360004425049	28.4009990692139	23.6529998779297	25.4890003204346	26.0699996948242	26.2679996490479	16.8309993743896	24.5860004425049	29.7119998931885	25.1590003967285
249	P2_PMA.2	23.2350006103516	22.9540004730225	23.6870002746582	26.67799949646	25.9340000152588	28.2150001525879	23.6490001678467	26.242000579834	25.9829998016357	26.44700050354	16.931999206543	24.5340003967285	29.3950004577637	25.0179996490479
250	P2_SEB	21.3490009307861	18.4990005493164	20.5919990539551	22.0879993438721	21.6940002441406	21.9680004119873	23.2740001678467	20.7280006408691	24.6630001068115	25.2199993133545	15.8299999237061	20.2199993133545	22.125	NA
251	P2_SEB.1	21.3449993133545	18.6709995269775	20.6469993591309	22.0890007019043	21.7819995880127	22.1860008239746	23.2700004577637	20.7999992370605	24.6529998779297	25.4160003662109	15.8839998245239	20.2320003509521	22.1149997711182	21.9950008392334
252	P2_SEB.2	21.3990001678467	18.5270004272461	20.5990009307861	22.1359996795654	21.9440002441406	21.9790000915527	23.2870006561279	20.5020008087158	24.507999420166	25.1490001678467	15.7250003814697	20.1550006866455	22.117000579834	22.0240001678467
253	P3_72h	29.8159999847412	NA	28.6049995422363	31.0510005950928	26.9479999542236	28.7859992980957	NA	34.0519981384277	NA	NA	30.9699993133545	28.0139999389648	24.5650005340576	29.9820003509521
254	P3_72h.1	29.4340000152588	30.7250003814697	28.6720008850098	31.3299999237061	27.0879993438721	29.068000793457	39.2379989624023	NA	NA	NA	31.3010005950928	27.8209991455078	24.488000869751	29.4529991149902
255	P3_72h.2	29.2740001678467	31.0550003051758	28.9099998474121	31.1520004272461	26.9300003051758	29.253999710083	NA	34.9099998474121	NA	NA	NA	27.9139995574951	24.4939994812012	29.7199993133545
256	P3_PMA	27.0370006561279	26.7980003356934	29.2569999694824	30.9710006713867	28.7080001831055	30.7560005187988	27.4829998016357	27.8099994659424	30.9060001373291	28.3910007476807	20.5219993591309	29.0830001831055	33.0279998779297	28.0869998931885
257	P3_PMA.1	27.1429996490479	26.7950000762939	29.4400005340576	NA	28.5830001831055	31.2609996795654	27.371000289917	27.7369995117188	30.9850006103516	28.8020000457764	20.5510005950928	29.2080001831055	34.2560005187988	28.6060009002686
258	P3_PMA.2	26.9759998321533	26.7999992370605	NA	31.3619995117188	NA	31.5830001831055	27.4899997711182	27.5580005645752	30.2229995727539	28.4139995574951	20.5860004425049	28.9799995422363	NA	28.7360000610352
259	P3_SEB	24.2770004272461	21.9549999237061	26.2089996337891	24.8600006103516	24.9519996643066	26.0860004425049	24.2759990692139	19.6219997406006	29.8090000152588	27.2089996337891	17.7040004730225	23.7689990997314	25.3330001831055	26.0160007476807
260	P3_SEB.1	24.4230003356934	22.0189990997314	26.0909996032715	24.8950004577637	24.6809997558594	26.0380001068115	24.3320007324219	19.7479991912842	30.173999786377	27.2399997711182	17.6940002441406	23.7180004119873	25.4990005493164	25.8889999389648
261	P3_SEB.2	24.375	22.0429992675781	26.2299995422363	24.9409999847412	24.871000289917	25.9699993133545	24.3209991455078	19.7369995117188	29.9139995574951	27.4549999237061	17.6919994354248	23.7779998779297	25.423999786377	25.9139995574951
262	P4_72h	25.2059993743896	26.3390007019043	23.6620006561279	27.3479995727539	24.7140007019043	25.1800003051758	33.5419998168945	34	NA	NA	30.6679992675781	23.2719993591309	23.6709995269775	25.4300003051758
263	P4_72h.1	25.5149993896484	26.5639991760254	23.7310009002686	27.246000289917	24.7630004882812	25.1630001068115	NA	34.0530014038086	NA	NA	31.0949993133545	23.2110004425049	23.6669998168945	25.4440002441406
264	P4_72h.2	25.2859992980957	26.6399993896484	23.931999206543	27.2719993591309	24.5979995727539	25.2299995422363	NA	NA	NA	NA	NA	23.2870006561279	23.8589992523193	25.5610008239746
265	P4_PMA	22.7849998474121	21.9150009155273	24.0230007171631	26.3999996185303	26.0069999694824	26.5669994354248	19.2980003356934	22.5869998931885	24.0860004425049	27.0459995269775	15.7729997634888	24.5540008544922	NA	25.0340003967285
266	P4_PMA.1	22.8080005645752	22.0690002441406	24.1560001373291	26.4839992523193	26.3810005187988	26.5160007476807	19.2819995880127	22.6340007781982	24.0659999847412	27.443000793457	15.798999786377	24.6200008392334	32.359001159668	25.0890007019043
267	P4_PMA.2	22.8209991455078	21.8700008392334	24.1660003662109	26.4669990539551	26.1809997558594	26.5259990692139	19.3159999847412	23.0060005187988	23.992000579834	27.1439990997314	15.7299995422363	24.6310005187988	31.6189994812012	25.1229991912842
268	P4_SEB	21.1809997558594	18.42799949646	20.7600002288818	20.4850006103516	21.9220008850098	22.5690002441406	22.3560009002686	20.4640007019043	25.923999786377	25.25	16.8859996795654	19.7660007476807	23.4120006561279	21.4559993743896
269	P4_SEB.1	21.1580009460449	18.4050006866455	20.7819995880127	20.4309997558594	21.9559993743896	22.5090007781982	22.4549999237061	20.2360000610352	NA	25.3110008239746	16.9729995727539	19.871000289917	23.5090007781982	21.5590000152588
270	P4_SEB.2	21.2479991912842	18.3379993438721	20.7390003204346	20.4950008392334	21.8449993133545	22.5890007019043	22.5270004272461	20.246000289917	25.7740001678467	25.2430000305176	16.8090000152588	19.7700004577637	23.4950008392334	21.4540004730225
271	P5_72h	25.7800006866455	26.6079998016357	23.9810009002686	26.4750003814697	23.0620002746582	23.9969997406006	31.613000869751	NA	NA	32.242000579834	28.6079998016357	21.9540004730225	20.9349994659424	25.1909999847412
272	P5_72h.1	25.6809997558594	26.4610004425049	23.9540004730225	26.3799991607666	22.8390007019043	23.9930000305176	30.4080009460449	34.7869987487793	34.7599983215332	34.3050003051758	28.9869995117188	21.878999710083	20.8190002441406	25.2070007324219
273	P5_72h.2	25.7880001068115	26.7080001831055	24.0149993896484	26.4449996948242	22.9640007019043	24.1509990692139	30.5990009307861	35.3720016479492	NA	NA	28.9659996032715	21.9099998474121	20.9559993743896	25.1030006408691
274	P5_PMA	26.6469993591309	27.0900001525879	29.4349994659424	30.6089992523193	26.1009998321533	29.5979995727539	28.8209991455078	29.6159992218018	31.4020004272461	31.2159996032715	NA	24.8659992218018	NA	27.7199993133545
275	P5_PMA.1	26.4459991455078	27.0610008239746	29.2800006866455	30.701000213623	26.6909999847412	29.6340007781982	28.1940002441406	29.5400009155273	31.1560001373291	30.9780006408691	21.548999786377	25.0550003051758	28.8619995117188	27.3509998321533
276	P5_PMA.2	26.6459999084473	27.1660003662109	29.8570003509521	30.6490001678467	26.2560005187988	29.8269996643066	28.3390007019043	NA	31.7800006866455	31.2150001525879	21.4069995880127	24.9479999542236	29.0149993896484	27.5919990539551
277	P5_SEB	21.3759994506836	17.3010005950928	21.5389995574951	20.8780002593994	21.9669990539551	23.3640003204346	18.0659999847412	18.3299999237061	24.6070003509521	25.6790008544922	15.3669996261597	19.628999710083	21.193000793457	22.0370006561279
278	P5_SEB.1	21.5030002593994	17.2999992370605	21.5170001983643	20.8899993896484	21.8159999847412	23.3129997253418	18.0799999237061	18.4389991760254	24.5919990539551	25.6420001983643	15.3590002059937	19.5830001831055	21.1700000762939	22.0270004272461
279	P5_SEB.2	21.3610000610352	17.2970008850098	21.5419998168945	20.9720001220703	21.625	23.3840007781982	18.1520004272461	18.4360008239746	24.6019992828369	25.8339996337891	15.3100004196167	19.7029991149902	21.242000579834	22.0709991455078
280	P6_72h	25.4300003051758	27.7530002593994	23.7439994812012	27.6720008850098	23.8549995422363	25.6079998016357	NA	NA	NA	NA	29.2129993438721	22.4090003967285	21.9610004425049	24.568000793457
281	P6_72h.1	25.2940006256104	27.6410007476807	23.6439990997314	27.6480007171631	23.7719993591309	25.4459991455078	NA	NA	NA	NA	29.4750003814697	22.386999130249	21.9939994812012	24.6639995574951
282	P6_72h.2	25.5459995269775	27.5729999542236	23.8649997711182	27.8159999847412	23.568000793457	25.5380001068115	NA	35.201000213623	NA	NA	29.4120006561279	22.3360004425049	21.9209995269775	24.3579998016357
283	P6_PMA	23.8190002441406	24.117000579834	26.8910007476807	27.6800003051758	26.1019992828369	27.9850006103516	26.2320003509521	28.306999206543	30.5359992980957	27.8799991607666	18.3269996643066	24.9330005645752	29.7600002288818	26.6830005645752
284	P6_PMA.1	23.7250003814697	24.1560001373291	26.8120002746582	27.3509998321533	26.44700050354	28.3589992523193	26.548999786377	28.4099998474121	30.867000579834	27.6000003814697	18.2569999694824	24.9109992980957	29.681999206543	26.7469997406006
285	P6_PMA.2	23.6490001678467	24.1979999542236	26.5939998626709	27.7670001983643	NA	28.136999130249	26.2919998168945	28.0510005950928	31.121000289917	27.8689994812012	18.2409992218018	24.7259998321533	29.5939998626709	26.4659996032715
286	P6_SEB	21.8129997253418	18.5090007781982	21.6940002441406	22.2059993743896	22.492000579834	23.4419994354248	21.371000289917	19.7220001220703	26.4370002746582	25.8339996337891	NA	20.4979991912842	22.1389999389648	23.2789993286133
287	P6_SEB.1	21.8120002746582	18.4580001831055	21.6049995422363	22.1679992675781	22.1809997558594	23.3950004577637	21.3020000457764	19.57200050354	26.2770004272461	25.701000213623	16.9330005645752	20.4139995574951	22.1509990692139	23.1690006256104
288	P6_SEB.2	21.8339996337891	18.3700008392334	21.5590000152588	22.1439990997314	22.19700050354	23.4459991455078	21.3139991760254	20.2660007476807	25.9890003204346	25.8719997406006	16.7999992370605	20.4009990692139	22.1809997558594	22.6270008087158
289	P7_72h	26.3729991912842	29.1580009460449	25.0300006866455	28.9930000305176	27.0340003967285	31.1580009460449	NA	NA	34.7680015563965	NA	33.0309982299805	24.5970001220703	26.5860004425049	26.548999786377
290	P7_72h.1	26.9659996032715	29.3059997558594	24.9270000457764	28.8850002288818	26.8980007171631	NA	37.2869987487793	36.101001739502	28.7199993133545	NA	NA	24.5049991607666	26.6569995880127	26.5690002441406
291	P7_72h.2	26.3980007171631	29.1270008087158	24.9909992218018	29.0620002746582	26.5279998779297	31.3759994506836	NA	NA	33.6969985961914	NA	33.3740005493164	24.4069995880127	26.7709999084473	26.6359996795654
292	P7_PMA	23.7479991912842	23.75	24.0610008239746	26.8229999542236	26.7639999389648	27.9549999237061	19.42799949646	21.3129997253418	23.1840000152588	26.0510005950928	15.9540004730225	25.5319995880127	NA	26.4570007324219
293	P7_PMA.1	23.7609996795654	23.6690006256104	24.0909996032715	26.8519992828369	26.5389995574951	27.7600002288818	19.4300003051758	21.2959995269775	23.2730007171631	26.1149997711182	15.9759998321533	25.5230007171631	32.3009986877441	26.1989994049072
294	P7_PMA.2	23.6439990997314	23.6650009155273	24.136999130249	26.8269996643066	26.7439994812012	27.7929992675781	19.5259990692139	21.2180004119873	23.1429996490479	25.9799995422363	15.9569997787476	25.2779998779297	32.5660018920898	26.2779998779297
295	P7_SEB	23.5480003356934	21.4619998931885	22.2479991912842	22.9680004119873	23.7929992675781	23.3929996490479	23.1709995269775	20.8250007629395	24.6730003356934	27.1429996490479	16.7119998931885	21.8059997558594	25.5990009307861	23.5869998931885
296	P7_SEB.1	23.5130004882812	21.7299995422363	22.2150001525879	22.9379997253418	23.9810009002686	23.4740009307861	23.2099990844727	20.6889991760254	24.6229991912842	27.2199993133545	16.5860004425049	21.8409996032715	25.6359996795654	23.6189994812012
297	P7_SEB.2	23.556999206543	21.2910003662109	22.2369995117188	23.1849994659424	23.8010005950928	23.5370006561279	23.2409992218018	20.57200050354	24.6790008544922	27.6270008087158	16.636999130249	21.7609996795654	25.5090007781982	23.7980003356934
298	P8_72h	24.9500007629395	25.3400001525879	22.7730007171631	25.9890003204346	25.0139999389648	25.9979991912842	NA	35.6310005187988	NA	NA	29.8649997711182	23.1299991607666	23.1270008087158	24.7859992980957
299	P8_72h.1	25.1480007171631	25.3579998016357	22.8169994354248	26.1340007781982	25.6439990997314	26.0849990844727	33.8040008544922	34.5880012512207	NA	NA	NA	23.1650009155273	23.3560009002686	24.7119998931885
300	P8_72h.2	25.1870002746582	25.4479999542236	22.8190002441406	26.1200008392334	24.951000213623	25.8740005493164	NA	NA	NA	NA	29.3150005340576	23.1539993286133	23.2089996337891	24.7649993896484
301	P8_PMA	23.3269996643066	22.5709991455078	25.761999130249	25.6009998321533	27.2509994506836	27.0200004577637	22.386999130249	NA	26.8980007171631	27.068000793457	19.3120002746582	25.492000579834	30.4950008392334	25.4640007019043
302	P8_PMA.1	23.4060001373291	22.5300006866455	25.7150001525879	25.7099990844727	27.32200050354	27.0130004882812	22.3150005340576	25.2849998474121	26.8659992218018	26.9009990692139	19.1469993591309	25.5340003967285	30.6429996490479	25.4300003051758
303	P8_PMA.2	23.3880004882812	22.6189994812012	26.0259990692139	25.8619995117188	27.4759998321533	27.1399993896484	22.3099994659424	25.6189994812012	26.4360008239746	26.886999130249	19.0930004119873	25.568000793457	30.5750007629395	25.5209999084473
304	P8_SEB	20.7240009307861	17.7779998779297	20.8129997253418	20.3939990997314	21.9260005950928	24.8929996490479	19.7770004272461	17.9209995269775	23.6469993591309	25.7110004425049	17.3369998931885	19.7479991912842	21.9370002746582	21.4150009155273
305	P8_SEB.1	20.7569999694824	17.9179992675781	20.8400001525879	20.3330001831055	22.6520004272461	24.9179992675781	19.8850002288818	18.0249996185303	23.7189998626709	25.7469997406006	17.3419990539551	19.7119998931885	21.7749996185303	21.4559993743896
306	P8_SEB.2	20.7269992828369	17.8090000152588	20.8999996185303	20.4389991760254	21.9370002746582	24.9629993438721	19.9050006866455	17.9529991149902	23.6830005645752	25.7070007324219	17.1909999847412	19.6860008239746	21.882999420166	21.5860004425049
307	P9_72h	24.6620006561279	25.5909996032715	23.4330005645752	26.2240009307861	24.7000007629395	27.9850006103516	32.6389999389648	NA	NA	NA	28.8530006408691	23.1280002593994	24.3740005493164	25.1620006561279
308	P9_72h.1	24.5729999542236	25.5139999389648	23.4479999542236	26.4130001068115	24.6849994659424	28.0259990692139	32.7569999694824	30.5729999542236	34.2999992370605	33.4169998168945	29.2670001983643	23.1270008087158	24.3409996032715	25.5030002593994
309	P9_72h.2	24.7999992370605	25.4729995727539	23.4669990539551	26.2329998016357	24.5869998931885	27.9610004425049	31.1429996490479	30.2660007476807	33.0289993286133	NA	NA	23.1620006561279	24.4580001831055	25.4160003662109
310	P9_PMA	21.1480007171631	20.8439998626709	22.9769992828369	24.4979991912842	25.1259994506836	24.4899997711182	19.7840003967285	22.7280006408691	25.0200004577637	26.2600002288818	16.2189998626709	23.8229999542236	29.1949996948242	25.113000869751
311	P9_PMA.1	21.1809997558594	20.746000289917	22.9179992675781	24.5890007019043	25.1060009002686	24.4419994354248	19.7199993133545	22.5809993743896	24.8910007476807	26.1940002441406	16.2919998168945	23.8120002746582	29.6840000152588	25.246000289917
312	P9_PMA.2	21.0939998626709	20.8320007324219	22.9500007629395	24.5599994659424	25.0769996643066	24.5049991607666	19.7639999389648	22.4780006408691	24.6030006408691	25.9580001831055	16.1180000305176	23.82200050354	29.4209995269775	25.2749996185303
313	P9_SEB	21.2450008392334	18.7649993896484	20.9909992218018	21.1480007171631	22.3239994049072	22.4120006561279	21.19700050354	19.7530002593994	25.4039993286133	25.5310001373291	15.9540004730225	20.0919990539551	22.80299949646	22.7880001068115
314	P9_SEB.1	21.3010005950928	18.7889995574951	20.9309997558594	21.0949993133545	22.5319995880127	22.431999206543	21.1439990997314	19.7059993743896	25.2240009307861	25.5869998931885	15.9890003204346	19.9090003967285	22.9300003051758	22.6639995574951
315	P9_SEB.2	21.3020000457764	18.7959995269775	20.9459991455078	21.2290000915527	22.5069999694824	22.3439998626709	21.1749992370605	19.5919990539551	25.6830005645752	25.8110008239746	15.7449998855591	19.9069995880127	22.9589996337891	22.6529998779297
