SAMPLE	AIM2	CTLA4	EOMES	FOXP3	IFIH1	IL10	IL17A	IL17F	IL22	IL4	INFG	OAS2	PYCARD	TIGIT2
1	C1_72h	25.9349994659424	27.9120006561279	23.9610004425049	27.3819999694824	26.2469997406006	29.7660007476807	36.2599983215332	35.8639984130859	NA	NA	30.3290004730225	24.1630001068115	24.3360004425049	25.5160007476807
2	C1_72h.1	25.8969993591309	27.8090000152588	24.0219993591309	27.6490001678467	NA	29.6870002746582	NA	37.3079986572266	NA	NA	30.8840007781982	23.9810009002686	24.4050006866455	25.7689990997314
3	C1_72h.2	26.2019996643066	28.2049999237061	24.0370006561279	27.4810009002686	25.5709991455078	29.6959991455078	NA	NA	NA	NA	30.4220008850098	24.0450000762939	24.3449993133545	25.886999130249
4	C1_PMA	21.5769996643066	22.4909992218018	22.5830001831055	26.4689998626709	NA	25.3999996185303	21.2509994506836	27.1889991760254	NA	25.2630004882812	16.1509990692139	23.0209999084473	NA	24.1639995574951
5	C1_PMA.1	21.7709999084473	22.4869995117188	22.2490005493164	26.5470008850098	24.7810001373291	25.2840003967285	20.931999206543	26.5219993591309	28.4659996032715	25.0559997558594	NA	23.326000213623	29.1959991455078	24.3250007629395
6	C1_PMA.2	21.632999420166	22.4860000610352	NA	26.2549991607666	26.193000793457	25.5370006561279	20.9360008239746	26.5930004119873	28.5930004119873	25.5690002441406	15.5319995880127	23.2059993743896	28.9699993133545	24.5349998474121
7	C1_SEB	21.6410007476807	19.4529991149902	20.5550003051758	21.4009990692139	22.5289993286133	22.4740009307861	20.4689998626709	NA	NA	25.9890003204346	15.8059997558594	20.753999710083	23.1100006103516	22.9689998626709
8	C1_SEB.1	21.4580001831055	19.4209995269775	20.5820007324219	21.6340007781982	21.9899997711182	22.4740009307861	20.5440006256104	20.0799999237061	25.503999710083	25.8729991912842	NA	20.2590007781982	23.4729995727539	22.5559997558594
9	C1_SEB.2	21.5919990539551	19.4720001220703	20.5960006713867	21.5599994659424	22.048999786377	22.4610004425049	20.4769992828369	20.0270004272461	25.0739994049072	25.8719997406006	15.4390001296997	20.2959995269775	23.3880004882812	22.5960006713867
10	C10_72h	24.9489994049072	27.0069999694824	23.3959999084473	25.7590007781982	23.8430004119873	25.6159992218018	38.0800018310547	NA	34.0340003967285	NA	32.4900016784668	22.2940006256104	22.4109992980957	25.4540004730225
11	C10_72h.1	24.9340000152588	27.1979999542236	23.3899993896484	25.8229999542236	24.1770000457764	25.55299949646	NA	39.265998840332	39.5050010681152	38.2029991149902	31.9559993743896	22.2329998016357	22.4349994659424	25.3999996185303
12	C10_72h.2	24.9190006256104	27.0279998779297	23.3419990539551	25.7450008392334	23.9939994812012	25.5300006866455	35.7159996032715	37.6889991760254	NA	NA	NA	22.3110008239746	22.4599990844727	25.2689990997314
13	C10_PMA	25.3619995117188	26.4519996643066	26.1749992370605	28.1860008239746	28.9650001525879	29.8530006408691	23.3649997711182	28.9769992828369	28.4409999847412	28.9909992218018	20.7080001831055	26.6219997406006	32.0660018920898	28.0909996032715
14	C10_PMA.1	25.4750003814697	26.2700004577637	26.5429992675781	27.9349994659424	28.5830001831055	29.8390007019043	23.2840003967285	28.8500003814697	28.2409992218018	28.8719997406006	20.3799991607666	26.6480007171631	NA	28.0349998474121
15	C10_PMA.2	25.6270008087158	26.6340007781982	26.6790008544922	28.2639999389648	NA	29.7689990997314	23.2280006408691	NA	27.9160003662109	28.6509990692139	20.2859992980957	26.8729991912842	31.4419994354248	28.2059993743896
16	C10_SEB	23.2900009155273	20.69700050354	22.0359992980957	21.5069999694824	22.2029991149902	24.5960006713867	20.7630004882812	20.4379997253418	23.7110004425049	26.8530006408691	16.9780006408691	20.7479991912842	23.7280006408691	22.9150009155273
17	C10_SEB.1	23.4449996948242	20.7029991149902	22.0709991455078	21.4759998321533	22.2369995117188	24.5869998931885	20.8519992828369	20.7679996490479	23.9790000915527	26.8640003204346	17.193000793457	20.7220001220703	23.75	22.8390007019043
18	C10_SEB.2	23.2469997406006	20.6550006866455	22.0949993133545	21.5499992370605	22.1520004272461	24.6030006408691	20.9699993133545	20.7390003204346	23.5380001068115	27.011999130249	17.0410003662109	20.6639995574951	23.7700004577637	22.9139995574951
19	C11_72h	24.6720008850098	26.0879993438721	23.1590003967285	26.2399997711182	24.8430004119873	25.6650009155273	29.5970001220703	NA	38.0919990539551	37.1500015258789	32.423999786377	22.6049995422363	24.238000869751	24.9979991912842
20	C11_72h.1	24.7819995880127	26.3159999847412	23.0550003051758	26.1310005187988	25.0990009307861	25.6350002288818	35.3940010070801	37.6679992675781	NA	NA	NA	22.9020004272461	24.0690002441406	24.9020004272461
21	C11_72h.2	24.9290008544922	26.2660007476807	23.05299949646	26.2759990692139	25.2310009002686	25.6660003662109	NA	NA	NA	NA	33.1069984436035	22.7129993438721	24.1879997253418	24.951000213623
22	C11_PMA	20.2140007019043	20.4619998931885	22.0160007476807	24.7970008850098	25.0319995880127	25.3549995422363	19.4190006256104	23.1909999847412	23.6340007781982	25.4220008850098	15.456000328064	23.2220001220703	30.1539993286133	24.3470001220703
23	C11_PMA.1	20.2450008392334	20.4640007019043	22.0459995269775	24.75	NA	25.3810005187988	19.386999130249	23.3339996337891	23.511999130249	25.4249992370605	15.4969997406006	23.1709995269775	29.3759994506836	24.246000289917
24	C11_PMA.2	20.2290000915527	20.4610004425049	22.0520000457764	24.863000869751	25.5639991760254	25.2530002593994	19.451000213623	23.0970001220703	23.4209995269775	25.6979999542236	15.3330001831055	23.0559997558594	29.6359996795654	24.1660003662109
25	C11_SEB	21.7049999237061	19.3139991760254	21.2110004425049	21.2910003662109	22.6529998779297	21.5470008850098	21.568000793457	20.6770000457764	24.3040008544922	27.5209999084473	14.9969997406006	19.7840003967285	23.6889991760254	22.863000869751
26	C11_SEB.1	21.621000289917	19.2719993591309	21.1609992980957	21.07200050354	22.5450000762939	21.4990005493164	21.5200004577637	20.8419990539551	24.4489994049072	27.4740009307861	15.2980003356934	19.8369998931885	23.6299991607666	22.8010005950928
27	C11_SEB.2	21.6630001068115	19.2859992980957	21.0480003356934	21.0389995574951	22.3729991912842	21.636999130249	21.5919990539551	21.0009994506836	24.3920001983643	27.6690006256104	15.0190000534058	19.7900009155273	23.628999710083	22.8349990844727
28	C12_72h	25.9300003051758	26.636999130249	23.3719997406006	25.6919994354248	24.5970001220703	26.7590007781982	33.681999206543	NA	33.3600006103516	38.0519981384277	NA	23.0410003662109	22.4950008392334	25.9150009155273
29	C12_72h.1	26.3360004425049	26.8490009307861	23.5860004425049	25.8419990539551	25.1529998779297	26.9020004272461	37.390998840332	36.2789993286133	33.9620018005371	39.0820007324219	32.7649993896484	23.076000213623	22.4179992675781	25.6509990692139
30	C12_72h.2	26.2910003662109	26.7240009307861	23.5240001678467	25.8339996337891	NA	26.9659996032715	33.5810012817383	29.3509998321533	NA	NA	31.496000289917	23.0809993743896	22.4890003204346	25.5550003051758
31	C12_PMA	22.2849998474121	22.0170001983643	22.9519996643066	25.423999786377	24.8610000610352	24.367000579834	21.9459991455078	29.1089992523193	27.2339992523193	26.3700008392334	17.1439990997314	23.2740001678467	29.2999992370605	24.9799995422363
32	C12_PMA.1	22.2259998321533	21.882999420166	23.0160007476807	25.5799999237061	25.3899993896484	24.4850006103516	21.9650001525879	NA	27.3279991149902	26.0580005645752	17.07200050354	23.2210006713867	29.632999420166	24.9050006866455
33	C12_PMA.2	22.2870006561279	21.9099998474121	23.0259990692139	25.5359992980957	25.4150009155273	24.4990005493164	21.9389991760254	29.1200008392334	27.0869998931885	26.30299949646	17.076000213623	23.2059993743896	NA	25.0060005187988
34	C12_SEB	22.2719993591309	18.1730003356934	21.4529991149902	20.7320003509521	22.9370002746582	23.0849990844727	21.3649997711182	22.7169990539551	26.3980007171631	26.9750003814697	17.4120006561279	20.2409992218018	22.9850006103516	23.2999992370605
35	C12_SEB.1	22.2689990997314	18.2180004119873	21.6200008392334	20.8229999542236	22.9729995727539	23.1060009002686	21.4090003967285	23.2660007476807	25.9939994812012	27.2059993743896	17.2980003356934	20.2329998016357	22.9449996948242	23.2329998016357
36	C12_SEB.2	22.2000007629395	18.2189998626709	21.4829998016357	20.9440002441406	23.4720001220703	23.1709995269775	21.4459991455078	NA	26.3549995422363	27.3449993133545	17.1100006103516	20.2129993438721	22.8819999694824	23.2660007476807
37	C13_72h	26.2439994812012	NA	24.0769996643066	28.7450008392334	24.4869995117188	27.1079998016357	NA	NA	20.867000579834	33.4280014038086	NA	23.9969997406006	23.818000793457	26.3659992218018
38	C13_72h.1	26.048999786377	29.1119995117188	24.2189998626709	28.7980003356934	24.6520004272461	27.1219997406006	36.193000793457	NA	NA	NA	31.8129997253418	24.0930004119873	23.9659996032715	26.0970001220703
39	C13_72h.2	26.2889995574951	28.5470008850098	24.2229995727539	28.8619995117188	24.9640007019043	27.0249996185303	36.3580017089844	39.7890014648438	NA	36.7560005187988	31.9479999542236	24.19700050354	24.1060009002686	26.2329998016357
40	C13_PMA	23.2679996490479	23.3360004425049	24.6380004882812	26.8439998626709	26.0669994354248	26.617000579834	18.9810009002686	21.8430004119873	24.2639999389648	25.6189994812012	NA	24.7269992828369	30.8920001983643	26.0799999237061
41	C13_PMA.1	23.2399997711182	23.4720001220703	24.7159996032715	26.8099994659424	NA	26.5289993286133	NA	NA	NA	25.4969997406006	17.3689994812012	24.7189998626709	NA	26.1690006256104
42	C13_PMA.2	23.2600002288818	23.5170001983643	24.8999996185303	26.818000793457	25.1319999694824	26.4009990692139	19.2360000610352	23.132999420166	24.2250003814697	25.996000289917	17.3490009307861	24.6989994049072	30.7240009307861	26.6509990692139
43	C13_SEB	21.5279998779297	19.8250007629395	20.9309997558594	22.2789993286133	NA	23.0330009460449	23.0300006866455	NA	25.0219993591309	25.1940002441406	NA	19.878999710083	22.4850006103516	21.8969993591309
44	C13_SEB.1	21.5160007476807	19.8889999389648	20.9039993286133	22.1259994506836	20.9810009002686	23.0020008087158	NA	18.4589996337891	26.1760005950928	25.1849994659424	15.7489995956421	19.9449996948242	22.6049995422363	22.0550003051758
45	C13_SEB.2	21.5709991455078	20.003999710083	20.9589996337891	22.3099994659424	21.1140003204346	23.1469993591309	23.2759990692139	18.6140003204346	NA	25.2479991912842	15.7569999694824	20.0319995880127	22.6469993591309	22.3740005493164
46	C14_72h	27.3850002288818	28.5459995269775	25.4629993438721	29.1280002593994	26.5869998931885	28.2409992218018	39.4729995727539	NA	NA	36.3009986877441	32.3899993896484	25.7299995422363	25.6889991760254	26.9169998168945
47	C14_72h.1	27.0729999542236	28.94700050354	25.3059997558594	28.9969997406006	26.1609992980957	28.2390003204346	NA	NA	NA	NA	32.935001373291	25.5359992980957	25.6319999694824	27.1229991912842
48	C14_72h.2	27.3939990997314	29.0249996185303	25.5389995574951	29.4080009460449	26.0659999847412	28.1749992370605	NA	NA	NA	NA	NA	25.6520004272461	25.6280002593994	26.7019996643066
49	C14_PMA	24.8419990539551	24.6229991912842	26.1669998168945	29.0930004119873	29.1870002746582	28.568000793457	21.3320007324219	25.2140007019043	27.1509990692139	27.3929996490479	NA	27.5739994049072	33.8230018615723	27.80299949646
50	C14_PMA.1	24.8409996032715	24.7040004730225	26.4810009002686	28.8290004730225	29.3490009307861	28.4409999847412	21.3910007476807	25.2520008087158	26.9990005493164	27.4869995117188	19.443000793457	27.5020008087158	32.8460006713867	28.3540000915527
51	C14_PMA.2	25.2019996643066	24.6520004272461	26.4669990539551	29.0480003356934	29.5699996948242	28.7849998474121	21.3549995422363	25.011999130249	27.05299949646	27.5359992980957	18.7059993743896	27.6900005340576	NA	28.3850002288818
52	C14_SEB	24.0650005340576	22.1070003509521	23.6940002441406	24.0620002746582	24.5219993591309	22.4829998016357	23.0049991607666	21.2709999084473	25.7700004577637	26.6429996490479	19.1110000610352	22.7929992675781	26.0510005950928	23.9400005340576
53	C14_SEB.1	24.1280002593994	22.2980003356934	23.6849994659424	24.0550003051758	24.2900009155273	22.5230007171631	22.9610004425049	21.2900009155273	NA	26.7439994812012	18.4559993743896	22.8610000610352	25.9449996948242	23.9850006103516
54	C14_SEB.2	24.1229991912842	22.4489994049072	23.7439994812012	24.32200050354	24.4669990539551	22.5230007171631	23.0520000457764	21.3409996032715	25.4710006713867	26.7229995727539	18.6690006256104	22.7870006561279	25.9540004730225	23.9769992828369
55	C15_72h	24.3810005187988	27.5849990844727	23.5240001678467	28.4979991912842	23.4379997253418	26.7600002288818	32.75	28.8899993896484	NA	NA	NA	23.17799949646	23.2870006561279	24.7830009460449
56	C15_72h.1	24.2950000762939	27.3129997253418	23.4650001525879	28.3689994812012	23.6480007171631	26.57200050354	32.7900009155273	NA	NA	33.4550018310547	25.3729991912842	23.2210006713867	23.4009990692139	25.0209999084473
57	C15_72h.2	24.3199996948242	27.5979995727539	23.5440006256104	28.4729995727539	23.4680004119873	26.7649993896484	35.6520004272461	30.2830009460449	NA	NA	26.8059997558594	23.0650005340576	23.3279991149902	24.7469997406006
58	C15_PMA	21.6840000152588	22.2959995269775	22.8680000305176	26.2999992370605	24.1720008850098	25.7019996643066	19.0559997558594	23.246000289917	23.3689994812012	23.951000213623	14.7519998550415	23.4909992218018	29.8740005493164	23.5900001525879
59	C15_PMA.1	21.7639999389648	22.3090000152588	22.8379993438721	26.3129997253418	24.1630001068115	25.673999786377	18.9829998016357	23.3229999542236	23.30299949646	24.0480003356934	14.9010000228882	23.4710006713867	29.7940006256104	23.69700050354
60	C15_PMA.2	21.7240009307861	22.3369998931885	22.8409996032715	26.5380001068115	24.0979995727539	25.753999710083	19.0580005645752	23.2299995422363	23.5559997558594	23.9640007019043	14.9580001831055	23.423999786377	29.6749992370605	23.5459995269775
61	C15_SEB	20.6669998168945	19.1760005950928	20.8159999847412	21.9750003814697	20.8899993896484	22.507999420166	20.8159999847412	19.5790004730225	23.5459995269775	26.0349998474121	15.0069999694824	19.9109992980957	21.9300003051758	21.2199993133545
62	C15_SEB.1	20.6949996948242	19.0979995727539	20.8229999542236	22.0109996795654	20.8610000610352	22.4759998321533	20.8549995422363	19.3360004425049	23.5230007171631	26.3479995727539	15.1029996871948	19.7549991607666	22.0799999237061	21.2059993743896
63	C15_SEB.2	20.6110000610352	19.238000869751	20.8010005950928	21.9810009002686	21.0799999237061	22.57200050354	20.757999420166	19.3759994506836	23.5909996032715	26.1469993591309	15.5430002212524	19.7880001068115	22.1270008087158	21.2180004119873
64	C16_72h	25.2189998626709	26.9650001525879	23.0230007171631	27.4449996948242	24.4629993438721	24.4290008544922	31.9750003814697	NA	NA	33.5890007019043	NA	22.9650001525879	22.8910007476807	25.3339996337891
65	C16_72h.1	25.1550006866455	26.9750003814697	23.1550006866455	27.4500007629395	24.7110004425049	24.5219993591309	NA	36.4129981994629	NA	NA	32.2879981994629	23.0839996337891	23.0310001373291	25.5310001373291
66	C16_72h.2	25.4160003662109	27.0610008239746	23.1299991607666	27.4699993133545	24.1100006103516	24.4869995117188	NA	34.9679985046387	NA	NA	32.3429985046387	22.94700050354	23.0650005340576	25.503999710083
67	C16_PMA	21.9629993438721	22.0990009307861	22.5690002441406	26.1690006256104	25.4559993743896	24.7999992370605	NA	25.6909999847412	27.6679992675781	25.6620006561279	NA	24.0179996490479	30.3719997406006	24.7700004577637
68	C16_PMA.1	21.3110008239746	22.0849990844727	22.5410003662109	26.0459995269775	25.7520008087158	24.5060005187988	20.7339992523193	NA	NA	NA	19.6299991607666	23.3889999389648	30.6660003662109	24.818000793457
69	C16_PMA.2	21.9950008392334	21.8610000610352	22.503999710083	26.1070003509521	NA	24.6770000457764	20.4659996032715	25.238000869751	26.3770008087158	26.0540008544922	18.1889991760254	23.8619995117188	31.0130004882812	24.3460006713867
70	C16_SEB	20.9099998474121	19.1459999084473	20.5149993896484	21.4300003051758	21.492000579834	21.2360000610352	22.253999710083	NA	25.8169994354248	26.1979999542236	14.6070003509521	19.9370002746582	22.8279991149902	22.6509990692139
71	C16_SEB.1	21.0909996032715	19.3880004882812	20.6110000610352	21.3209991455078	21.5979995727539	21.5620002746582	22.1030006408691	19.8840007781982	25.6299991607666	26.2210006713867	14.628999710083	20.05299949646	23.1469993591309	22.625
72	C16_SEB.2	21.1340007781982	19.4060001373291	20.5790004730225	21.5389995574951	21.69700050354	21.5209999084473	22.0100002288818	19.576000213623	25.4449996948242	26.306999206543	14.6400003433228	20.0639991760254	23.1159992218018	22.6030006408691
73	C17_72h	29.6450004577637	33.6110000610352	28.9829998016357	33.6230010986328	28.3700008392334	30.3190002441406	NA	35.0200004577637	NA	NA	34.9710006713867	28.8040008544922	26.4300003051758	28.9340000152588
74	C17_72h.1	28.9799995422363	NA	28.2679996490479	NA	28.2290000915527	30.8899993896484	NA	NA	NA	NA	NA	28.9370002746582	26.5200004577637	29.5200004577637
75	C17_72h.2	29.1089992523193	32.2379989624023	28.6200008392334	33.9459991455078	28.2450008392334	30.9050006866455	NA	NA	NA	NA	32.4560012817383	28.8339996337891	26.5440006256104	29.4810009002686
76	C17_PMA	26.056999206543	28.0550003051758	29.0100002288818	NA	26.5540008544922	31.2590007781982	24.1389999389648	26.3150005340576	28.9860000610352	29.9820003509521	17.8409996032715	25.8430004119873	32.3940010070801	29.0090007781982
77	C17_PMA.1	26.1959991455078	27.798999786377	28.6420001983643	32.5270004272461	26.5820007324219	NA	24.2849998474121	26.6009998321533	28.9099998474121	29.9169998168945	18.2019996643066	25.9850006103516	33.1860008239746	28.8770008087158
78	C17_PMA.2	26.1889991760254	27.7569999694824	28.8509998321533	32.0250015258789	26.7779998779297	31.7719993591309	24.3850002288818	26.4860000610352	28.5540008544922	29.6340007781982	18.0869998931885	25.9179992675781	32.8520011901855	28.6259994506836
79	C17_SEB	21.44700050354	20.2299995422363	21.9759998321533	22.7830009460449	21.8369998931885	25.0580005645752	24.0779991149902	18.8759994506836	27.326000213623	24.9769992828369	16.996000289917	22.7910003662109	22.5189990997314	22.1089992523193
80	C17_SEB.1	21.3110008239746	20.2129993438721	21.8999996185303	22.6630001068115	21.9020004272461	25.1580009460449	23.7140007019043	18.6749992370605	27.6030006408691	24.9850006103516	17.1119995117188	22.3090000152588	22.5739994049072	22.1490001678467
81	C17_SEB.2	21.3470001220703	20.173999786377	21.9230003356934	22.6679992675781	21.8990001678467	25.0629997253418	23.5739994049072	18.7900009155273	26.8449993133545	24.996000289917	16.8129997253418	22.2430000305176	22.6480007171631	22.1100006103516
82	C18_72h	27.9270000457764	NA	27.4559993743896	32.0270004272461	26.3990001678467	28.9379997253418	NA	NA	NA	NA	33.6710014343262	27.0849990844727	24.8460006713867	28.1879997253418
83	C18_72h.1	27.9109992980957	30.6399993896484	27.1730003356934	32.4300003051758	26.5690002441406	28.8460006713867	NA	NA	NA	NA	NA	27.1280002593994	24.9080009460449	28.246000289917
84	C18_72h.2	27.9120006561279	31.0419998168945	27.3619995117188	NA	26.4529991149902	28.8040008544922	NA	NA	NA	NA	35.076000213623	26.9669990539551	24.8460006713867	27.882999420166
85	C18_PMA	23.5359992980957	25.0459995269775	27.1070003509521	29.7649993896484	26.4209995269775	28.0690002441406	25.9939994812012	25.9459991455078	31.125	25.5799999237061	17.625	27.3579998016357	NA	26.3959999084473
86	C18_PMA.1	23.7469997406006	25.2059993743896	26.7430000305176	30.0960006713867	26.3040008544922	28.0559997558594	26.0709991455078	25.878999710083	31.3299999237061	25.7119998931885	NA	27.5480003356934	32.0870018005371	26.3570003509521
87	C18_PMA.2	23.6790008544922	25.1909999847412	26.7999992370605	29.5690002441406	26.3339996337891	27.9249992370605	26.1940002441406	25.8939990997314	NA	25.701000213623	17.738000869751	27.5009994506836	32.0019989013672	26.2150001525879
88	C18_SEB	22.6509990692139	22.0629997253418	23.7199993133545	24.6949996948242	22.7660007476807	22.7800006866455	25.1730003356934	19.7679996490479	28.1310005187988	26.1520004272461	24.2390003204346	22.7520008087158	24.2140007019043	23.9260005950928
89	C18_SEB.1	22.6560001373291	22.173999786377	23.7169990539551	24.568000793457	22.867000579834	22.7870006561279	25.1889991760254	19.9640007019043	27.5440006256104	25.9290008544922	17.0020008087158	22.7889995574951	24.2029991149902	24.0330009460449
90	C18_SEB.2	22.6800003051758	22.0939998626709	23.6790008544922	24.8150005340576	22.75	22.8530006408691	24.9969997406006	19.7049999237061	NA	26.1949996948242	NA	NA	24.2220001220703	24.0410003662109
91	C19_72h	25.0809993743896	27.3250007629395	24.7840003967285	27.5769996643066	26.1380004882812	28.2070007324219	NA	NA	NA	NA	33.1699981689453	24.318000793457	24.4549999237061	27.0909996032715
92	C19_72h.1	NA	27.3850002288818	24.92799949646	27.746000289917	26.5419998168945	28.5009994506836	39.9720001220703	37.4609985351562	31.7320003509521	NA	NA	23.988000869751	24.3330001831055	26.9740009307861
93	C19_72h.2	25.2199993133545	27.9300003051758	24.9950008392334	27.8430004119873	26.4680004119873	28.2040004730225	36.3419990539551	NA	NA	NA	33.0060005187988	24.0750007629395	24.4699993133545	27.1219997406006
94	C19_PMA	22.0480003356934	22.5370006561279	23.9689998626709	26.8530006408691	NA	26.617000579834	NA	NA	NA	30.5349998474121	NA	24.0690002441406	31.8020000457764	26.4589996337891
95	C19_PMA.1	22.1180000305176	22.5879993438721	23.9829998016357	26.8799991607666	26.007999420166	26.5300006866455	22.9529991149902	26.9029998779297	29.5849990844727	29.7700004577637	17.4459991455078	23.9699993133545	31.9500007629395	26.4950008392334
96	C19_PMA.2	22.1770000457764	22.6240005493164	24.0790004730225	26.8610000610352	25.9720001220703	26.6870002746582	22.8810005187988	26.5100002288818	29.8619995117188	30.1949996948242	16.8519992828369	24.1499996185303	31.5340003967285	26.503999710083
97	C19_SEB	21.628999710083	19.4869995117188	25.1009998321533	20.9780006408691	23.6100006103516	24.5739994049072	24.2439994812012	23.3209991455078	28.3269996643066	31.1669998168945	17.7649993896484	19.8570003509521	24.3279991149902	24.3460006713867
98	C19_SEB.1	21.761999130249	19.6270008087158	25.0289993286133	21.0069999694824	23.4969997406006	24.7709999084473	24.2700004577637	22.9799995422363	27.8950004577637	31.246000289917	18.496000289917	19.8850002288818	24.2490005493164	24.4820003509521
99	C19_SEB.2	21.8250007629395	19.6690006256104	24.9400005340576	21.0580005645752	23.556999206543	24.6240005493164	24.3229999542236	22.8269996643066	28.7430000305176	31.4899997711182	17.746000289917	19.8969993591309	24.2810001373291	24.5300006866455
100	C2_72h	26.0240001678467	28.2390003204346	23.9860000610352	28.0960006713867	25.6000003814697	31.0200004577637	36.2430000305176	NA	NA	NA	17.1679992675781	24.2600002288818	25.3659992218018	25.2679996490479
101	C2_72h.1	26.0960006713867	28.1550006866455	24.076000213623	27.9160003662109	25.882999420166	31.056999206543	NA	37.193000793457	NA	NA	17.117000579834	24.2430000305176	25.3409996032715	25.3400001525879
102	C2_72h.2	26.0100002288818	28.1700000762939	24.1200008392334	28.0450000762939	25.4029998779297	31.0049991607666	NA	NA	NA	NA	17.253999710083	24.2980003356934	25.5300006866455	25.3610000610352
103	C2_PMA	24.257999420166	24.82200050354	24.82200050354	28.7649993896484	28.3080005645752	28.6310005187988	21.8929996490479	25.9360008239746	26.2840003967285	27.5820007324219	17.0179996490479	25.9740009307861	33.1139984130859	26.996000289917
104	C2_PMA.1	24.2119998931885	24.8409996032715	24.9230003356934	28.2779998779297	27.9820003509521	28.6830005645752	21.8299999237061	25.882999420166	NA	27.8309993743896	16.9990005493164	25.9629993438721	32.3569984436035	26.9130001068115
105	C2_PMA.2	24.4139995574951	24.875	24.9209995269775	28.2590007781982	27.8439998626709	28.8290004730225	21.9260005950928	25.8470001220703	26.7700004577637	27.9349994659424	17.0060005187988	25.9969997406006	32.9900016784668	27.068000793457
106	C2_SEB	21.3379993438721	18.7900009155273	20.1560001373291	20.7299995422363	21.3770008087158	22.2670001983643	21.1070003509521	20.511999130249	24.3500003814697	25.0659999847412	16.4020004272461	19.1079998016357	22.3080005645752	21.6030006408691
107	C2_SEB.1	21.3619995117188	18.6690006256104	20.1000003814697	20.6459999084473	21.0189990997314	22.253999710083	21.0340003967285	20.4400005340576	24.2880001068115	25.1319999694824	16.7800006866455	19.1019992828369	22.2719993591309	21.6149997711182
108	C2_SEB.2	21.2919998168945	18.9260005950928	20.1259994506836	20.5310001373291	20.9839992523193	22.2549991607666	21.0709991455078	20.2210006713867	24.0100002288818	25.0550003051758	16.5480003356934	19.0319995880127	22.2259998321533	21.5729999542236
109	C20_72h	24.5149993896484	27.2749996185303	23.0930004119873	28.0249996185303	24.548999786377	25.6070003509521	38.2490005493164	37.3139991760254	30.1399993896484	NA	NA	23.3759994506836	23.0979995727539	24.4540004730225
110	C20_72h.1	24.5	27.3659992218018	22.9899997711182	27.9629993438721	24.5690002441406	25.8419990539551	33.859001159668	NA	NA	33.8580017089844	29.8309993743896	23.4890003204346	23.2929992675781	24.4270000457764
111	C20_72h.2	24.7679996490479	27.1900005340576	23.1319999694824	28.2430000305176	24.4139995574951	25.7220001220703	NA	NA	NA	NA	30.3199996948242	23.6040000915527	23.2810001373291	24.5470008850098
112	C20_PMA	20.1480007171631	21.6340007781982	22.742000579834	26.0650005340576	24.9829998016357	24.6870002746582	18.2980003356934	21.5440006256104	23.2609996795654	24.9099998474121	14.5839996337891	23.556999206543	29.8640003204346	23.6459999084473
113	C20_PMA.1	20.1840000152588	21.6389999389648	22.742000579834	26.0590000152588	25.056999206543	24.7070007324219	18.2479991912842	21.2479991912842	23.3269996643066	24.8460006713867	14.7480001449585	23.451000213623	29.1609992980957	23.6259994506836
114	C20_PMA.2	20.1280002593994	21.5380001068115	22.6909999847412	26.0419998168945	24.9050006866455	24.6919994354248	18.0750007629395	21.3159999847412	23.2549991607666	24.6480007171631	14.8170003890991	23.4050006866455	29.6229991912842	23.617000579834
115	C20_SEB	20.9459991455078	19.3349990844727	21.5709991455078	21.4930000305176	22.6280002593994	22.2980003356934	22.3939990997314	20.3770008087158	26.0100002288818	26.2840003967285	16.5130004882812	20.8680000305176	23.4179992675781	22.3549995422363
116	C20_SEB.1	20.4930000305176	19.3239994049072	21.4939994812012	21.4580001831055	22.511999130249	22.2390003204346	22.2819995880127	20.3610000610352	26.2719993591309	26.3500003814697	16.4969997406006	20.5380001068115	23.246000289917	22.3850002288818
117	C20_SEB.2	20.8999996185303	19.3099994659424	21.488000869751	21.4839992523193	22.4220008850098	22.2730007171631	22.3269996643066	20.2950000762939	26.6919994354248	26.3169994354248	16.3540000915527	20.4869995117188	23.298999786377	22.4130001068115
118	C21_72h	27.875	29.6660003662109	24.3059997558594	29.3799991607666	25.6469993591309	25.1560001373291	NA	NA	NA	NA	32.484001159668	24.8369998931885	22.8950004577637	26.4939994812012
119	C21_72h.1	27.5610008239746	30.0179996490479	24.371000289917	29.9130001068115	25.6019992828369	25.2199993133545	NA	NA	NA	NA	32.7869987487793	24.7159996032715	22.9790000915527	26.7600002288818
120	C21_72h.2	27.753999710083	30.0289993286133	24.4939994812012	29.6639995574951	25.7810001373291	25.3059997558594	33.3610000610352	36.4580001831055	NA	33.9700012207031	32.3860015869141	24.7639999389648	23.0540008544922	26.6959991455078
121	C21_PMA	22.7259998321533	24.0009994506836	23.5750007629395	27.8349990844727	24.8430004119873	27.1200008392334	23.4979991912842	28.2770004272461	26.8409996032715	25.2849998474121	19.173999786377	23.8479995727539	28.1280002593994	24.3980007171631
122	C21_PMA.1	22.7159996032715	23.8780002593994	23.5960006713867	27.9379997253418	25.2919998168945	27.3570003509521	24.0620002746582	28.5230007171631	27.1620006561279	24.9710006713867	NA	23.9270000457764	28.5349998474121	24.511999130249
123	C21_PMA.2	22.7119998931885	24.0970001220703	23.4689998626709	27.9039993286133	25.7059993743896	27.4330005645752	24.2590007781982	28.9759998321533	27.5090007781982	25.2000007629395	19.5030002593994	23.8850002288818	28.4479999542236	24.4150009155273
124	C21_SEB	22.5450000762939	21.6509990692139	21.7849998474121	23.7849998474121	24.257999420166	23.7819995880127	24.6049995422363	NA	27.5939998626709	27.1009998321533	NA	21.6509990692139	24.5650005340576	23.5909996032715
125	C21_SEB.1	22.5450000762939	21.6429996490479	21.8169994354248	23.7329998016357	23.9710006713867	23.8430004119873	24.5130004882812	22.128999710083	27.2569999694824	26.7169990539551	19.2600002288818	21.6410007476807	24.4570007324219	23.5480003356934
126	C21_SEB.2	22.6299991607666	21.6119995117188	21.8390007019043	23.8139991760254	24.7590007781982	23.8680000305176	24.4580001831055	22.32200050354	NA	27.0279998779297	19.451000213623	21.8040008544922	24.5100002288818	23.6399993896484
127	C22_72h	27.1340007781982	29.6060009002686	25.5450000762939	29.0300006866455	26.5380001068115	28.0400009155273	NA	36.0050010681152	NA	NA	31.1790008544922	25.2269992828369	25.3309993743896	27.0610008239746
128	C22_72h.1	26.9500007629395	28.9179992675781	25.6499996185303	28.9580001831055	26.9230003356934	27.9629993438721	NA	NA	NA	34.9179992675781	NA	25.1749992370605	25.3649997711182	27.4839992523193
129	C22_72h.2	27.0130004882812	29.0109996795654	26.0729999542236	28.8279991149902	26.8859996795654	27.951000213623	33.689998626709	NA	NA	NA	31.3129997253418	25.2110004425049	25.3010005950928	27.4130001068115
130	C22_PMA	21.7390003204346	22.5499992370605	23.7959995269775	26.6630001068115	25.2369995117188	25.3110008239746	22.3279991149902	24.7210006713867	25.7509994506836	25.5419998168945	16.9029998779297	23.9109992980957	29.8530006408691	25.2520008087158
131	C22_PMA.1	21.7089996337891	22.4860000610352	23.7560005187988	26.3950004577637	25.5359992980957	25.6720008850098	22.3579998016357	24.4650001525879	25.8810005187988	25.7889995574951	16.7360000610352	23.8390007019043	30.3549995422363	25.1040000915527
132	C22_PMA.2	21.7849998474121	22.5270004272461	23.8729991912842	26.3889999389648	25.5160007476807	25.6079998016357	22.3990001678467	24.3600006103516	25.8810005187988	25.5809993743896	17.2110004425049	23.8090000152588	29.738000869751	25.4220008850098
133	C22_SEB	21.9309997558594	19.7339992523193	21.8419990539551	21.3810005187988	21.988000869751	22.7140007019043	21.6459999084473	20.7220001220703	26.181999206543	24.992000579834	17.4769992828369	20.4689998626709	23.4529991149902	23.7339992523193
134	C22_SEB.1	21.9909992218018	19.8159999847412	22.0520000457764	21.3729991912842	22.2399997711182	22.8969993591309	21.7959995269775	20.6520004272461	26.5559997558594	25.0139999389648	17.4570007324219	20.4860000610352	23.3610000610352	23.7399997711182
135	C22_SEB.2	21.9640007019043	19.8400001525879	21.8719997406006	21.5090007781982	22.3460006713867	22.8610000610352	21.7689990997314	20.5090007781982	26.3250007629395	25.0249996185303	17.7700004577637	20.496000289917	23.5580005645752	23.8719997406006
136	C23_72h	26.9370002746582	28.7509994506836	25.0160007476807	29.4780006408691	25.0729999542236	26.1529998779297	35.6759986877441	NA	NA	NA	33.6180000305176	24.0459995269775	23.0009994506836	26.9740009307861
137	C23_72h.1	26.7269992828369	28.6499996185303	24.8439998626709	29.5860004425049	24.6949996948242	26.128999710083	36.1020011901855	37.3170013427734	NA	36.7470016479492	NA	24.1599998474121	22.943000793457	26.7250003814697
138	C23_72h.2	26.488000869751	29.2479991912842	24.8990001678467	29.253999710083	25.1149997711182	25.9589996337891	NA	36.9269981384277	NA	NA	33.1259994506836	24.1149997711182	23.0739994049072	26.9529991149902
139	C23_PMA	24.4610004425049	25.2609996795654	26.8050003051758	29.4629993438721	29.1450004577637	27.9409999847412	25.9799995422363	29.2229995727539	28.7880001068115	27.3780002593994	21.2080001831055	26.8589992523193	30.8229999542236	26.511999130249
140	C23_PMA.1	24.4360008239746	25.2870006561279	26.9300003051758	29.5510005950928	29	27.7759990692139	25.8969993591309	29.6119995117188	28.4610004425049	27.2029991149902	21.3129997253418	26.8269996643066	30.5209999084473	26.6070003509521
141	C23_PMA.2	24.3479995727539	25.2049999237061	26.9050006866455	29.5769996643066	29.1909999847412	27.6860008239746	25.7059993743896	28.9349994659424	28.94700050354	26.9409999847412	21.3129997253418	26.8059997558594	30.1380004882812	26.3120002746582
142	C23_SEB	22.2280006408691	20.3589992523193	22.5480003356934	22.1219997406006	23.0189990997314	22.9489994049072	21.5620002746582	19.7509994506836	24.5209999084473	26.69700050354	17.9720001220703	20.9669990539551	23.9610004425049	23.3010005950928
143	C23_SEB.1	22.1669998168945	20.3460006713867	22.5450000762939	22.0990009307861	23.1229991912842	22.9060001373291	21.4939994812012	19.5160007476807	24.693000793457	26.5520000457764	17.7709999084473	20.8680000305176	24.1849994659424	23.3229999542236
144	C23_SEB.2	22.2649993896484	20.2639999389648	22.5310001373291	22.0419998168945	23.4589996337891	22.8899993896484	21.6480007171631	19.496000289917	24.5279998779297	26.3780002593994	17.5750007629395	20.8390007019043	23.9629993438721	23.386999130249
154	C25_72h	25.4069995880127	26.5650005340576	24.2000007629395	27.7910003662109	24.6439990997314	24.5639991760254	37.6269989013672	34.5690002441406	32.1160011291504	NA	31.8250007629395	23.8490009307861	23.0130004882812	26.3540000915527
155	C25_72h.1	25.4309997558594	26.6089992523193	24.2549991607666	27.693000793457	24.4750003814697	24.7740001678467	NA	NA	34.0050010681152	NA	32.5940017700195	23.8379993438721	22.923999786377	26.2280006408691
156	C25_72h.2	25.496000289917	26.5690002441406	24.2350006103516	27.6380004882812	24.4389991760254	24.4449996948242	NA	36.8050003051758	NA	NA	NA	23.8379993438721	22.9850006103516	26.1760005950928
157	C25_PMA	22.6200008392334	22.8190002441406	24.7719993591309	27.1410007476807	25.1669998168945	25.2210006713867	25.0779991149902	29.761999130249	29.742000579834	26.2310009002686	18.4799995422363	24.9099998474121	29.3920001983643	25.2229995727539
158	C25_PMA.1	22.6870002746582	22.8199996948242	24.7590007781982	26.9500007629395	25.1280002593994	25.3560009002686	24.8549995422363	NA	29.6229991912842	26.0739994049072	18.9479999542236	24.7189998626709	29.757999420166	25.2099990844727
159	C25_PMA.2	22.693000793457	22.8209991455078	25.0009994506836	27.32200050354	25.2980003356934	25.363000869751	NA	29.9160003662109	29.9680004119873	26.2900009155273	18.7849998474121	24.8969993591309	29.4810009002686	25.2479991912842
160	C25_SEB	23.996000289917	20.8320007324219	23.0440006256104	22.7859992980957	23.6660003662109	25.2910003662109	23.8040008544922	23.4190006256104	30.9160003662109	28.9669990539551	18.9810009002686	21.9200000762939	24.5900001525879	24.4220008850098
161	C25_SEB.1	23.9669990539551	20.8390007019043	23.0550003051758	22.7210006713867	23.6790008544922	25.2919998168945	23.7290000915527	23.4559993743896	31.0170001983643	29.0170001983643	19.4500007629395	21.951000213623	24.5340003967285	24.4780006408691
162	C25_SEB.2	23.9850006103516	20.8349990844727	23.0830001831055	22.6030006408691	23.2649993896484	25.3390007019043	23.8680000305176	23.4060001373291	NA	29.1560001373291	19.4190006256104	21.9330005645752	24.4109992980957	24.5480003356934
163	C3_72h	25.3719997406006	23.6770000457764	25.4009990692139	26.2950000762939	NA	29.3040008544922	30.8439998626709	32.4669990539551	NA	NA	27.2970008850098	23.3729991912842	25.6240005493164	25.80299949646
164	C3_72h.1	25.4300003051758	23.681999206543	25.4829998016357	26.2600002288818	NA	28.8320007324219	30.5170001983643	32.9150009155273	NA	NA	26.9799995422363	23.6049995422363	25.5450000762939	25.9990005493164
165	C3_72h.2	25.3959999084473	23.8360004425049	25.4190006256104	26.3239994049072	25.8279991149902	29.5219993591309	32.265998840332	NA	34.556999206543	NA	27.3169994354248	23.4829998016357	25.6889991760254	26.132999420166
166	C3_PMA	22.6270008087158	22.5470008850098	23.4290008544922	26.8190002441406	26.1499996185303	25.6299991607666	22.2150001525879	26.4309997558594	27.193000793457	28.3059997558594	17.9599990844727	24.19700050354	NA	26.2059993743896
167	C3_PMA.1	22.7029991149902	22.4909992218018	23.6040000915527	26.818000793457	26.2119998931885	25.7800006866455	22.1000003814697	26.4869995117188	27.4120006561279	28.2789993286133	17.9909992218018	24.1730003356934	31.9230003356934	26.1520004272461
168	C3_PMA.2	22.636999130249	22.5219993591309	23.67799949646	26.7800006866455	26.3150005340576	25.798999786377	22.2049999237061	25.951000213623	27.2049999237061	28.2819995880127	17.7469997406006	24.1240005493164	31.1389999389648	26.0879993438721
169	C3_SEB	22.3269996643066	19.6889991760254	21.0960006713867	21.7929992675781	25.548999786377	23.5879993438721	21.7919998168945	21.3999996185303	NA	26.8229999542236	38.0610008239746	20.3150005340576	23.7469997406006	22.7709999084473
170	C3_SEB.1	22.3059997558594	19.8269996643066	21.048999786377	21.8360004425049	NA	23.6060009002686	21.9150009155273	NA	28.742000579834	26.6439990997314	NA	NA	23.6849994659424	23.5100002288818
171	C3_SEB.2	22.3729991912842	19.761999130249	21.0949993133545	21.6830005645752	24.7150001525879	23.57200050354	21.9169998168945	21.2469997406006	27.8519992828369	26.3589992523193	NA	20.67799949646	23.7999992370605	NA
172	C4_72h	25.2999992370605	26.8560009002686	21.9850006103516	26.5289993286133	23.8770008087158	27.7290000915527	NA	36.1399993896484	NA	NA	29.6749992370605	22.2469997406006	22.2549991607666	23.7819995880127
173	C4_72h.1	25.3910007476807	26.75	22.0419998168945	26.6389999389648	23.9029998779297	27.6100006103516	38.8639984130859	35.8549995422363	NA	NA	29.4810009002686	22.3619995117188	22.3339996337891	23.9409999847412
174	C4_72h.2	25.4179992675781	26.9309997558594	22.0349998474121	26.5520000457764	23.5459995269775	27.5139999389648	32.9850006103516	NA	NA	NA	29.1089992523193	22.2929992675781	22.3899993896484	23.7029991149902
175	C4_PMA	22.9200000762939	21.8810005187988	22.875	26.1979999542236	NA	26.2140007019043	21.1770000457764	NA	26.4050006866455	25.673999786377	15.9910001754761	23.6870002746582	NA	24.1100006103516
176	C4_PMA.1	22.8169994354248	21.8369998931885	22.8479995727539	26.1630001068115	25.1450004577637	26.2950000762939	21.0069999694824	26.5629997253418	26.0100002288818	25.8439998626709	16.2329998016357	23.6989994049072	30.2199993133545	24.3840007781982
177	C4_PMA.2	22.8980007171631	21.878999710083	22.8269996643066	26.2129993438721	25.1380004882812	26.2450008392334	21.0510005950928	26.6049995422363	25.6030006408691	25.7630004882812	15.9879999160767	23.7689990997314	30.3390007019043	24.2390003204346
178	C4_SEB	21.1590003967285	18.4409999847412	19.3460006713867	20.9930000305176	21.5410003662109	21.9139995574951	20.1679992675781	21.7299995422363	25.9909992218018	24.9139995574951	15.2069997787476	19.6709995269775	22.3209991455078	21.6580009460449
179	C4_SEB.1	21.1560001373291	18.4209995269775	19.3229999542236	20.9909992218018	NA	21.9750003814697	20.2059993743896	21.371000289917	25.6469993591309	24.7290000915527	15.4729995727539	19.7490005493164	22.4349994659424	21.6310005187988
180	C4_SEB.2	21.2369995117188	18.4979991912842	19.3309993743896	21.201000213623	21.2840003967285	21.9330005645752	20.2469997406006	NA	25.4209995269775	24.8920001983643	15.3979997634888	19.6089992523193	22.2819995880127	21.5860004425049
181	C5_72h	26.3500003814697	27.742000579834	24.056999206543	27.9020004272461	24.7889995574951	25.6310005187988	NA	NA	34.060001373291	33.5699996948242	31.8139991760254	22.8150005340576	22.6870002746582	25.7819995880127
182	C5_72h.1	26.0909996032715	27.4599990844727	24.0890007019043	27.886999130249	24.5370006561279	25.492000579834	36.6669998168945	NA	NA	NA	32.2919998168945	22.818000793457	22.9990005493164	26.0459995269775
183	C5_72h.2	26.4099998474121	27.2789993286133	24.0259990692139	28.0480003356934	24.5149993896484	25.5219993591309	32.9500007629395	NA	NA	NA	NA	22.8780002593994	22.6979999542236	25.9109992980957
184	C5_PMA	23.9950008392334	23.4230003356934	25.1809997558594	26.5799999237061	26.0970001220703	27.1100006103516	23.3950004577637	28.2849998474121	28.1469993591309	27.3199996948242	17.3390007019043	24.6849994659424	NA	26.2000007629395
185	C5_PMA.1	23.8810005187988	23.4249992370605	25.1690006256104	26.798999786377	26.0970001220703	26.8959999084473	23.3759994506836	28.5179996490479	28.1350002288818	27.076000213623	17.4810009002686	24.5799999237061	30.7900009155273	26.1879997253418
186	C5_PMA.2	24.0580005645752	23.386999130249	25.1919994354248	26.6000003814697	26.2880001068115	26.8969993591309	23.3780002593994	28.5499992370605	28.011999130249	27.4099998474121	17.2950000762939	25.0709991455078	30.7339992523193	26.0699996948242
187	C5_SEB	21.8099994659424	19.0970001220703	20.6030006408691	21.1089992523193	21.742000579834	22.0709991455078	20.4090003967285	20.5769996643066	25.6299991607666	27.4869995117188	15.1940002441406	19.5900001525879	23.1030006408691	22.9909992218018
188	C5_SEB.1	21.8700008392334	19.0599994659424	20.5440006256104	21.0869998931885	21.9230003356934	22.0949993133545	20.496000289917	21.2870006561279	25.5520000457764	27.6259994506836	15.0290002822876	19.6110000610352	22.992000579834	23.1240005493164
189	C5_SEB.2	21.8990001678467	19.1569995880127	20.5359992980957	21.1240005493164	21.757999420166	22.1490001678467	20.4869995117188	20.5069999694824	25.0970001220703	27.9890003204346	15.0030002593994	19.8649997711182	23.1299991607666	22.9769992828369
190	C6_72h	25.1749992370605	26.4069995880127	21.6550006866455	27.3719997406006	23.753999710083	24.5149993896484	38.3740005493164	34.0449981689453	38.6980018615723	NA	NA	22.2679996490479	22.1159992218018	24.8729991912842
191	C6_72h.1	25.246000289917	26.496000289917	21.7390003204346	27.4790000915527	24.2830009460449	24.5610008239746	33.814998626709	35.1310005187988	NA	NA	30.4680004119873	22.2129993438721	22.2259998321533	25.1259994506836
192	C6_72h.2	25.3649997711182	26.2269992828369	21.7910003662109	27.4449996948242	24.2000007629395	24.6140003204346	NA	NA	NA	NA	29.8999996185303	22.2439994812012	22.1399993896484	24.9909992218018
193	C6_PMA	21.1609992980957	20.4580001831055	21.5450000762939	25.2639999389648	23.9930000305176	24.378999710083	19.2059993743896	25.6319999694824	24.367000579834	25.613000869751	14.9849996566772	21.5370006561279	29.0750007629395	23.4619998931885
194	C6_PMA.1	21.1410007476807	20.4930000305176	21.5699996948242	25.3369998931885	NA	24.30299949646	19.2280006408691	25.1299991607666	24.4080009460449	25.6229991912842	15.628999710083	21.5830001831055	28.6840000152588	23.6229991912842
195	C6_PMA.2	21.3169994354248	20.4939994812012	21.5349998474121	26.3799991607666	23.9060001373291	24.2439994812012	19.2269992828369	NA	24.2070007324219	25.4930000305176	14.996000289917	21.4890003204346	28.9309997558594	23.6529998779297
196	C6_SEB	22.0510005950928	18.6180000305176	19.5900001525879	20.318000793457	NA	21.4659996032715	22.1539993286133	NA	26.6730003356934	25.8120002746582	16.5270004272461	18.4220008850098	22.9209995269775	22.5189990997314
197	C6_SEB.1	22.048999786377	18.4610004425049	19.5790004730225	20.318000793457	22.4249992370605	21.5330009460449	22.1480007171631	23.7269992828369	26.625	25.8269996643066	16.7950000762939	18.3509998321533	23.0499992370605	22.5
198	C6_SEB.2	22.0769996643066	18.4659996032715	19.5930004119873	20.4099998474121	21.8640003204346	21.4790000915527	22.0830001831055	22.1040000915527	26.4230003356934	25.9729995727539	16.5130004882812	18.3719997406006	23.0380001068115	22.5559997558594
199	C7_72h	26.7900009155273	26.9309997558594	23.5440006256104	27.7189998626709	23.5669994354248	24.0620002746582	NA	37.9300003051758	NA	34.5309982299805	30.2880001068115	22.6180000305176	22.011999130249	26.6299991607666
200	C7_72h.1	26.9160003662109	26.8719997406006	23.92799949646	27.7259998321533	23.798999786377	24.2089996337891	NA	38.117000579834	NA	NA	30.7140007019043	22.6159992218018	22.0510005950928	26.5189990997314
201	C7_72h.2	26.8020000457764	26.7350006103516	23.5069999694824	27.80299949646	23.8020000457764	24.1529998779297	NA	NA	NA	NA	NA	22.6429996490479	22.0930004119873	26.1520004272461
202	C7_PMA	24.8740005493164	23.5470008850098	26.8059997558594	27.4570007324219	25.8250007629395	28.7740001678467	27.9629993438721	37.8330001831055	31.3150005340576	28.5709991455078	21.0340003967285	23.5440006256104	28.8250007629395	27.007999420166
203	C7_PMA.1	24.9459991455078	23.5599994659424	26.943000793457	27.1760005950928	25.4990005493164	29.1550006866455	28.1439990997314	34.5989990234375	31.3980007171631	29.2299995422363	21.1919994354248	23.6620006561279	28.5709991455078	27.2749996185303
204	C7_PMA.2	24.867000579834	23.5580005645752	26.8819999694824	27.5349998474121	25.4610004425049	29.0450000762939	28.1459999084473	NA	31.0939998626709	28.9629993438721	21.048999786377	23.6790008544922	28.6340007781982	NA
205	C7_SEB	22.0830001831055	17.6979999542236	21.3999996185303	19.9950008392334	22.4710006713867	22.6340007781982	20.4300003051758	22.3570003509521	26.7509994506836	26.636999130249	16.6639995574951	19.7770004272461	22.9489994049072	23.5429992675781
206	C7_SEB.1	22.1870002746582	17.7019996643066	21.4939994812012	20.0779991149902	22.5160007476807	22.6399993896484	20.5	22.1529998779297	26.9720001220703	26.7810001373291	16.5620002746582	19.7530002593994	23.0060005187988	23.3899993896484
207	C7_SEB.2	22.1790008544922	17.761999130249	21.507999420166	19.9850006103516	22.1399993896484	22.753999710083	20.5559997558594	22.121000289917	26.6200008392334	26.8719997406006	16.4860000610352	19.8190002441406	23.1259994506836	23.4810009002686
208	C8_72h	26.1009998321533	26.6639995574951	23.492000579834	26.9790000915527	NA	26	32.4010009765625	NA	NA	NA	30.8740005493164	22.7670001983643	23.7040004730225	25.6989994049072
209	C8_72h.1	26.1110000610352	26.8519992828369	23.3059997558594	26.9409999847412	24.8360004425049	26.0370006561279	37.0769996643066	39.0690002441406	NA	NA	30.6800003051758	22.8549995422363	23.6389999389648	25.92799949646
210	C8_72h.2	26.1900005340576	26.8209991455078	23.5659999847412	26.8889999389648	25.2399997711182	26.0240001678467	NA	38.0089988708496	NA	NA	31.3439998626709	22.7140007019043	23.7430000305176	25.9729995727539
211	C8_PMA	22.0580005645752	21.3269996643066	22.6140003204346	25.2560005187988	24.9659996032715	25.5739994049072	19.5200004577637	24.0340003967285	24.7080001831055	24.548999786377	16.2709999084473	23.1959991455078	30.2409992218018	24.8859996795654
212	C8_PMA.1	22.0729999542236	21.3269996643066	22.6040000915527	25.173999786377	24.8889999389648	25.6959991455078	19.4529991149902	24.4979991912842	24.7849998474121	24.6410007476807	16.2019996643066	23.1450004577637	NA	24.8339996337891
213	C8_PMA.2	22.1280002593994	21.2740001678467	22.6200008392334	25.3470001220703	24.8729991912842	25.8519992828369	19.5100002288818	24.0240001678467	24.6989994049072	24.6060009002686	16.1119995117188	23.2509994506836	30.5820007324219	24.7220001220703
214	C8_SEB	22.5620002746582	19.9640007019043	21.9619998931885	21.4440002441406	22.9869995117188	21.9599990844727	21.2229995727539	21.0480003356934	25.1900005340576	26.2250003814697	16.5970001220703	20.1940002441406	24.5869998931885	23.6469993591309
215	C8_SEB.1	22.6959991455078	19.9899997711182	21.878999710083	21.4890003204346	22.8449993133545	21.9360008239746	21.238000869751	20.9729995727539	25.3880004882812	26.4230003356934	16.4559993743896	20.2819995880127	24.5429992675781	23.6159992218018
216	C8_SEB.2	22.6959991455078	20.007999420166	21.9200000762939	21.44700050354	22.6909999847412	21.9230003356934	21.2360000610352	21.0590000152588	25.4069995880127	26.2770004272461	16.4810009002686	20.6060009002686	24.5300006866455	23.4939994812012
217	C9_72h	25.7819995880127	26.1229991912842	25.181999206543	26.7019996643066	25.2040004730225	27.2080001831055	33.4300003051758	NA	NA	NA	30.9899997711182	22.9080009460449	22.5170001983643	26.1790008544922
218	C9_72h.1	25.7250003814697	26.3320007324219	25.2000007629395	26.94700050354	25.4150009155273	27.4839992523193	NA	34.5709991455078	NA	NA	30.4449996948242	22.9640007019043	22.7810001373291	26.3360004425049
219	C9_72h.2	25.7689990997314	26.3819999694824	25.2229995727539	26.9930000305176	25.431999206543	27.378999710083	NA	34.7719993591309	NA	NA	30.6580009460449	22.9500007629395	22.8430004119873	26.2609996795654
220	C9_PMA	21.3439998626709	21.3349990844727	22.6450004577637	25.6770000457764	24.5820007324219	24.9179992675781	21.9290008544922	27.1030006408691	25.2360000610352	25.9790000915527	16.2959995269775	22.5960006713867	29.2110004425049	24.5919990539551
221	C9_PMA.1	21.3759994506836	21.2889995574951	22.6200008392334	25.7810001373291	25.3680000305176	24.9780006408691	21.9009990692139	26.9440002441406	25.3409996032715	25.9570007324219	16.1019992828369	22.5650005340576	29.6669998168945	24.6200008392334
222	C9_PMA.2	21.3269996643066	21.3810005187988	22.5799999237061	25.5879993438721	25.0809993743896	25.0639991760254	22.0049991607666	26.988000869751	25.2600002288818	25.92799949646	16.1240005493164	22.5799999237061	NA	24.7560005187988
223	C9_SEB	20.8610000610352	18.0610008239746	20.7250003814697	20.3339996337891	22.4759998321533	22.628999710083	20.3589992523193	22.068000793457	25.261999130249	26.7789993286133	15.9130001068115	19.0300006866455	22.9839992523193	22.5139999389648
224	C9_SEB.1	20.9099998474121	18.0669994354248	20.7450008392334	20.2779998779297	22.443000793457	22.6450004577637	20.0659999847412	21.7740001678467	25.3519992828369	26.9729995727539	15.9219999313354	19.1380004882812	22.826000213623	22.8859996795654
225	C9_SEB.2	20.9309997558594	18.0300006866455	20.7320003509521	20.2779998779297	23.1089992523193	22.8959999084473	20.3110008239746	21.8920001983643	25.128999710083	26.8540000915527	15.9589996337891	19.1660003662109	22.9230003356934	22.5820007324219
